77984
37223
73366
25584
28571
37744
76759
76788
38580
50557
50121
28304
88209
36973
43360
78810
51328
66311
99873
75874
5929
14022
32016
63390
42412
57881
7709
32893
95367
67389
22255
89702
4611
11973
15285
49533
49716
8395
26321
88295
58952
76441
32951
63512
29765
76310
42321
81092
42620
58545
56965
64900
72566
5332
28290
31329
63212
52350
64222
58578
36090
2828
64632
57052
14800
79916
6585
64515
4663
49257
69162
63614
42049
2112
27125
71813
94773
85797
69256
53744
60693
42572
18643
33258
47903
63284
80939
11115
31986
61512
86044
84427
64339
50675
41479
79139
46943
64415
60005
51605
13671
45518
31570
55719
47629
75046
27531
58753
60842
96786
12496
21534
39357
47491
71143
3611
27126
68433
14725
59111
29944
769
43538
94283
67795
1368
89773
14737
65782
66129
82693
79452
11647
14262
51522
75627
89307
79052
34380
66500
92189
63227
4385
47897
10717
91880
51507
54195
60312
66232
13305
90256
83352
73194
890
67498
90913
7014
82235
56694
73142
81279
52497
1140
95541
4018
76767
84847
99421
27498
67699
91609
90724
88435
55857
17793
80314
7364
71987
56978
89947
1643
63585
89650
91189
80826
57147
82101
87839
55733
55147
77332
37012
23995
78472
32552
28013
55238
33750
27433
82735
17800
35394
89810
6235
91250
23954
86548
14965
12292
59877
4911
13935
23461
94560
21475
4286
68059
3575
8476
23791
75073
85808
77154
99068
64279
9705
27080
35868
59807
70864
34954
77606
22609
24763
192
30211
65069
3092
45175
77360
62968
66438
91294
2781
60997
12768
7066
45407
32695
31894
69198
7767
17701
46351
6834
81979
72408
50265
34198
48566
37481
69151
42523
76441
93913
42715
6651
58981
45806
51826
36341
8773
34615
43986
27905
95611
73106
34971
57370
5800
83216
26567
29918
916
89269
53104
99246
78028
19720
33443
42945
57200
2593
85468
33641
12857
28182
56643
88190
90339
24820
40882
15463
59434
1219
43368
71397
74324
94690
28766
96475
77905
71684
26393
78820
77304
79496
94417
55332
99215
27859
98276
72767
46803
95
22759
59659
28276
79401
64200
34966
4221
21433
50429
80006
22652
93796
51402
96975
4837
96519
93450
82741
68202
36194
77912
45506
15689
72328
837
14903
16538
15464
87669
63340
15559
26779
39350
60186
6180
3550
95152
26752
41334
61932
6757
63985
55727
74511
77312
76915
71029
87113
59655
39231
23306
53918
84736
38994
26245
1924
70248
42782
33739
74269
22473
65649
1047
61822
25835
7226
81723
37338
50329
23057
99269
57086
87041
71347
47948
80704
48261
18976
67816
7915
74558
91121
78184
75645
30114
4428
77568
16714
63561
27659
90982
86033
93307
8380
47854
35493
31958
45929
72830
82286
68985
72098
55723
72377
43444
3670
53081
8056
22646
20896
15970
13555
12017
10505
89200
58482
14932
66767
75195
94844
10777
82528
80876
20436
90908
45082
55928
22865
91010
28758
21502
76346
17207
77225
48722
77003
97246
1802
85058
36243
22698
17380
49798
51066
27884
38997
9547
59168
22115
1094
54011
32892
99973
51239
53327
7232
12672
25606
46448
20033
70715
67950
96378
87922
61526
45099
81276
58771
46901
66333
95014
85950
64
44811
37015
27948
159
62913
3467
22273
64006
73829
55164
80331
25067
24842
87562
54090
66800
34010
74122
37514
1959
70499
41787
63484
15598
23062
38606
62498
5747
49971
48447
22162
94781
1813
50109
94939
64725
69927
33564
45083
43756
5079
25413
68822
29921
12974
39264
13072
46983
13385
50585
65293
83884
92372
45128
99481
31785
83734
78330
53883
50056
43128
76045
61189
44940
42505
72479
26016
12432
6042
71098
56187
11121
12862
41360
57393
25836
80623
70464
89170
94008
21048
70815
77891
29771
32294
93723
77908
32379
72052
31790
82435
15179
7834
43623
76470
66691
16101
2485
79122
22143
73583
51660
33263
2796
93019
7007
28631
89994
77470
34153
353
14869
21319
94595
44640
53612
88317
22547
85991
76720
70688
68425
8250
94874
12047
84719
61564
28147
87203
40685
50289
77137
92344
99903
79933
1714
6909
24915
8059
730
75419
8411
15599
96737
19357
76590
50349
24025
15488
52691
744
86175
21115
8993
81048
33161
10063
42611
77659
97266
99647
44300
90754
8342
60554
70686
26408
67463
11953
34466
84544
87371
59229
142
460
78585
76731
67160
18962
92218
19850
19705
94745
40964
45050
92144
90476
55112
34755
68134
68729
50753
28785
59483
59095
89339
46520
85502
73153
74824
36319
57696
78547
95547
74190
79006
90484
67272
46165
9445
75842
82366
45501
70586
23329
6902
62729
30156
62014
13835
14641
47094
64588
43426
6576
40034
49116
69448
41887
22268
60623
78205
96315
39169
90104
70504
18174
96939
37776
80690
6383
29969
63055
68235
554
2735
75137
79634
32890
53502
93469
47531
595
74408
7308
23523
14441
56423
92970
56327
95042
53592
50883
91356
9113
40986
78212
27286
37924
32339
24328
60658
62307
3734
28893
79212
6469
20381
58845
55710
73882
68665
3240
74476
43072
26899
97998
73864
83321
7319
46542
78362
77263
97425
86070
86375
54762
64281
13660
92686
96619
54339
69695
58925
58073
98587
54488
80893
35319
13332
36602
9200
98349
56194
28
41420
83092
98025
31636
66413
5344
94529
61126
82606
91953
47195
68980
63067
11475
98991
55752
24445
69682
25446
99721
44106
40385
54208
24998
92055
67540
77951
1255
65888
34144
1282
23659
17236
15658
71646
100000
37353
66175
77477
36310
74479
24672
21641
37545
52498
36984
9648
76943
6665
51446
76663
67122
8182
47223
92119
236
31114
70069
17842
97001
20565
35475
37011
37800
51133
25009
54151
4837
7535
31627
41147
98365
72650
79139
52262
25148
16122
61909
18442
39138
29706
11456
6259
54239
58678
14729
70827
89791
84798
88668
3143
5362
40495
56506
59513
7979
97866
30015
12815
5400
61641
70313
3764
50643
49452
56025
92142
81925
34286
10583
21063
80343
38390
43673
50934
13420
58402
21760
19562
43199
26779
22705
64912
67273
95562
40776
75251
9779
70790
4418
15178
48782
74730
35293
99424
40533
7670
91565
22458
58307
18499
59872
38649
56889
3544
89582
86660
61945
27693
6221
21495
54472
45277
2758
21744
40838
59885
13347
50616
47026
17764
82145
95808
8845
33790
11583
65730
41459
19500
4539
99765
54350
64410
54765
27590
84305
60699
14249
62602
88391
20470
448
59214
65746
3206
97310
22936
79442
10656
89903
26468
44771
72048
22275
69967
22189
50209
35696
63647
86060
40234
79763
40410
20995
34527
67999
5300
11577
82248
84253
99968
19069
84700
59181
84814
87905
72842
24101
67347
99849
14004
10166
44619
2403
48792
30938
24591
99000
66633
4589
85060
23219
84351
41821
44213
35229
26171
65864
46806
8418
50116
63125
43838
34816
38657
45004
39072
11499
69104
22770
11347
99459
32935
55966
18213
81726
3255
42803
97078
69887
63743
98489
9457
48093
40309
70022
83322
66479
35885
46479
91249
2353
9603
35086
37168
48259
96441
92591
59757
65545
15361
71104
81355
64647
43421
99568
62725
46675
58722
59802
32913
22465
58290
42370
86909
98598
28743
86582
81428
64627
33060
72676
66979
42662
24114
20498
90921
20554
13089
67029
2450
44801
54484
83805
25799
97904
83372
88523
60930
58445
48324
10195
80909
22965
68916
67818
37914
97658
54399
19342
62284
3811
8369
45615
46472
48834
82464
53744
85740
11904
37125
88189
73056
91608
88345
98855
89512
88068
3729
66793
46513
68405
76987
43773
91369
45902
11590
29283
59911
82341
64976
38547
86151
73344
84161
48974
38530
82976
19070
24269
94880
56194
12457
67935
47801
17154
83141
53664
5221
86870
36809
68085
55274
13795
11858
62994
76049
39799
92276
35959
22139
57251
74505
24641
46947
75017
89967
85476
74345
9036
26096
69224
65229
54904
53510
29381
72057
53003
99397
93630
39872
36205
78066
11497
66351
89923
74490
42399
46074
83118
94710
84564
56720
85566
9205
20018
76935
99171
5493
51279
24558
47940
20502
6138
2844
90363
35518
74900
43365
34914
84881
99588
87470
62947
27436
53821
52869
18278
96219
15294
1395
7280
99858
74466
9198
9062
94484
86132
24584
16328
37410
49141
64268
74263
55278
67111
80977
7147
58362
24342
58413
43243
40281
45882
6189
67717
99702
75409
2346
12273
90703
20092
35904
90560
94557
45101
15973
89040
31232
40556
21720
68641
6048
85987
59255
77677
69449
40232
84823
27810
80925
59587
71052
21205
5469
77240
5273
21522
52649
7618
33794
43351
27709
69698
50262
38618
14798
66234
44009
62382
23141
65728
47374
29188
51714
6629
23216
37514
63212
24390
65324
44136
83977
36375
81692
89445
13615
86965
27318
82615
10934
61112
42317
54995
47161
92578
93612
78310
58811
37620
40691
81951
3348
4417
27490
71413
11045
50705
8927
74256
75094
74250
34743
59070
26976
16434
64866
56942
3398
92184
39556
30684
69647
81872
85678
33159
90801
79289
11468
49611
16908
68511
47913
36607
72927
75402
8020
323
42458
33298
90930
17552
23899
25672
92973
50874
58457
57839
7816
78207
66374
63723
8890
52372
45595
94567
85530
36395
90207
13349
2358
23466
98211
50270
60073
71137
42024
84444
87811
84481
34093
78740
18384
57991
20763
11357
25216
79220
85547
33031
57426
51920
96754
66315
20643
58700
77233
22524
11446
67439
35872
13803
90904
50435
80425
67328
37923
38800
68123
25734
23280
2215
20825
41664
76557
41588
69372
1773
20807
54918
51155
94584
6837
64260
77250
43831
22959
54482
66354
50757
38272
18577
80911
45527
69011
61335
12855
6934
134
97329
49019
39766
15896
69843
97781
92452
11430
67152
10576
48588
22069
61731
43171
45257
42342
20420
5439
65301
91253
71792
32409
29524
90368
13319
75051
75731
74654
4257
82664
91139
1585
31682
47256
33832
1524
61388
42636
29306
28539
53211
94245
66959
31293
37416
28567
73635
74187
34005
55287
81792
5796
87695
11315
12516
17365
86365
88246
8370
6973
87261
99509
24910
35294
63116
58741
36817
24504
1376
82474
69394
54587
76719
52705
2231
30486
97623
92217
21024
31628
63855
2815
53775
67901
14130
82642
85266
16846
87239
93635
23819
74499
9495
48728
9792
72611
23820
62961
13466
25196
61786
99211
96134
38504
68267
98364
85341
65890
6933
6365
13869
70787
25531
83995
38688
56012
82989
23953
72858
70227
33939
13028
44726
43434
78107
70869
32396
18278
33829
45861
43473
11967
61423
39606
50470
46042
54322
52163
11931
77606
74879
42151
48392
409
42497
3431
56421
25485
43735
45630
95712
77674
75009
56789
21107
69467
27657
53502
87744
77838
15714
47569
89804
93488
87174
56625
39529
57847
8787
67811
35452
83665
26313
196
426
68810
3626
73198
94294
47361
18827
6357
41386
10187
63145
62492
96005
90802
32345
83748
84991
64410
31316
74794
57897
34842
31418
97426
9040
56557
81588
44492
56573
7901
61039
56998
76710
81016
30195
71003
44728
65373
93712
86113
91911
56856
48604
87915
64009
97300
71663
48999
61709
19330
40144
19606
70523
71562
33383
79563
44470
14970
40406
1042
22870
1444
74392
15931
82459
20938
3286
27187
86311
96997
29651
78221
53852
94607
82488
17861
91906
54150
66859
53615
89831
7003
89572
60354
94916
22954
39916
55737
54275
80321
73130
93497
98116
47521
9427
96926
68459
12712
40464
71121
9708
70115
65693
79912
64721
48180
97772
56626
18681
80982
26592
8512
4336
32515
85217
15603
55468
41484
71339
26095
38156
44469
19591
36271
8341
29017
49548
93151
58081
90012
64271
67788
60126
46316
47699
41198
94495
61822
14175
29528
59156
40767
54391
63491
73281
39607
79094
45101
81090
66784
87547
19245
27604
7137
71867
52297
52505
21414
45447
10585
27777
26070
94725
4254
72385
58775
45451
66879
36949
59626
12758
96104
16744
67148
75946
90024
6754
71391
51476
4195
38175
39022
39791
82130
46158
28009
34426
15015
65775
79873
41951
93551
5942
53027
97805
78326
28154
59607
61556
65102
19232
74314
77557
35975
57813
53502
42351
80919
24893
93826
1465
63067
32848
41256
61548
95357
69264
95974
10371
51390
75846
68674
44941
98139
21700
59097
92816
49853
18703
54371
31306
54287
45036
8862
90261
2849
62364
48963
119
87256
42789
1583
66674
91988
42838
28221
3696
28454
40546
30419
96195
16391
99092
41135
30881
37143
231
23696
86996
35286
94419
34653
89572
39454
43515
96184
58654
22230
45147
58772
25837
4287
76707
8862
12626
19544
37082
16321
64349
77628
46739
60544
10370
62182
18030
57603
99325
34613
81298
2672
69898
75716
37324
75821
31522
97190
72004
90175
19419
33502
65299
61607
54140
42005
70468
66765
77900
23902
99438
58601
17881
46176
35496
44602
24710
53525
2204
24034
88137
83502
26705
74386
59217
80380
50206
90738
93922
38562
97265
29692
88415
62563
91299
42555
20919
61766
25671
98818
85667
25108
57418
19899
87636
92913
64501
12345
62790
66704
36378
67278
50205
79434
58016
25774
76165
24573
32863
70086
63134
30127
99778
51549
9041
91076
10455
29959
69193
36125
45129
71212
61233
18898
91110
65220
28163
55610
77564
90952
38666
30293
74581
88870
26078
32596
30995
2242
57169
80210
88680
36654
10336
88457
4554
35729
95884
15008
82039
81428
67485
43519
68991
45069
62417
76453
10288
90579
32062
4203
97882
87079
34495
88814
92301
76924
37762
23295
95517
94930
3504
84196
47935
30192
89004
68841
82272
1239
83848
80662
82667
67684
24181
68009
12752
86597
44461
39391
93527
92875
43593
7760
79953
94439
12925
72253
71362
50686
95548
66879
61967
15403
67426
9902
45594
56430
78742
44217
57668
78941
24879
56686
62977
49059
24695
75728
52007
69155
31471
61885
62029
75063
69644
41982
85854
82568
14234
57215
49606
26133
40445
11572
41536
7871
37825
3481
64300
16566
47698
38319
11859
72576
95005
74835
37986
36051
66914
89992
5205
14736
51876
83586
6151
37871
41919
92004
20438
72504
65570
70043
98637
6015
97967
56524
30237
35791
76356
10888
68709
24053
49206
96919
12980
60562
88105
50965
12964
55018
57308
18169
86106
9183
18106
92256
47053
60024
84259
83843
32527
66180
70237
47515
72194
68203
4038
18782
3994
96746
29669
72702
20798
95227
85972
50130
72140
74076
17446
85104
45445
74754
19624
31550
288
37729
23805
47341
97752
24415
31183
46630
90595
1419
94145
79140
85974
14534
97922
89967
11279
43942
79020
48429
55520
64991
14910
27660
39066
32355
12763
84510
23460
48738
32412
23748
86466
56216
71088
569
96983
18622
47198
87577
36392
57694
83068
22365
72228
97341
28683
99858
41283
24054
48286
96802
89044
63195
40813
44461
11902
69927
45323
35361
18664
94086
59108
21481
50301
46547
22049
63635
65168
85599
51211
17912
59644
50631
40276
48223
47971
68959
48081
89253
93012
12718
2407
98408
75913
43219
59220
4166
29498
20894
39526
48161
14979
14986
69642
81632
61532
8042
45266
43052
9992
12829
60963
69636
63459
1238
17858
11429
86548
82290
17034
95912
95008
35792
10671
70920
95362
69890
91437
24859
90784
30962
89372
22114
62299
59013
3745
23831
83406
49011
83234
9750
78191
44196
79385
41649
61785
13594
69429
64685
95884
86462
60596
90891
22253
87618
78162
17615
57507
69598
58825
64642
16911
48196
86756
79210
23560
6852
19392
6966
72214
2625
16715
50404
63172
12451
92052
41308
26044
61481
22344
38279
64294
99291
29169
2899
86908
23682
20513
44415
9631
95689
25408
26542
43885
28515
22103
67444
35367
41494
90761
7580
60470
23827
57984
39993
52629
66387
81300
78673
27867
3644
33303
92161
2934
78824
95059
89842
2505
31923
50608
28488
43963
92367
55029
87847
20882
93483
71643
56248
34976
62403
80179
95445
2582
54514
35437
55210
20901
33088
50234
48767
53083
83537
57279
72369
62360
68689
62210
81216
16963
29169
9703
60926
21535
81083
65124
58768
74565
36766
31367
25892
15521
11546
37688
18102
66059
89476
73311
86959
22564
39897
52078
91998
23433
9356
64366
2144
94397
42927
99711
27711
72095
25766
88636
9982
6848
70112
68749
97765
6877
16468
23656
22397
28013
77696
56850
10423
67171
46513
97382
6086
86409
65811
98084
9841
75166
62449
28336
85914
5376
28046
13625
93822
53811
18612
20155
77011
88723
5256
91127
11952
21723
31134
50700
49735
8829
7550
60157
76000
54062
73890
98437
56822
39700
96520
66662
31218
58969
11349
33483
80696
55746
47107
74517
9557
82071
94672
2919
70793
99927
10397
82744
21649
41530
33444
87735
50359
57345
64243
42710
11406
38133
41146
68227
94184
54018
51240
25401
29338
78940
75236
10033
34685
22342
901
60593
4412
11924
79863
91557
28202
90259
90652
49850
31789
24095
53936
98499
97791
18179
57560
25548
72663
15057
93774
66846
69074
61365
8599
98411
56656
186
24795
91341
22527
25696
51933
43291
53971
48148
51199
82173
38406
41850
48374
70194
82297
2310
85044
80087
36840
42603
5635
9502
57660
15760
92699
26733
93477
17649
41496
50132
17834
66290
57824
56713
8337
26109
16355
62308
74256
67553
44480
12661
9402
92853
99207
8050
11514
84250
88137
48353
26853
93771
74206
84512
9530
83257
27596
19358
17257
69091
69490
35091
51733
27313
8155
60069
53421
24509
38728
27676
8413
99559
56689
34166
8764
55895
42216
20277
40144
30352
84982
83348
24122
59187
67859
50003
58795
11807
69361
76052
80897
55202
27494
48981
98866
35648
25402
52287
76508
64129
96314
1272
63688
53002
35437
72451
25248
77652
9079
65392
8003
94060
65091
48476
69599
49302
14831
28393
61108
543
20796
58356
72096
48289
7337
70961
288
32738
23247
93147
96866
35913
94418
76905
5266
29855
65707
30514
23858
91138
12257
31861
85197
77347
96688
71147
26648
27870
15892
87755
44764
36687
46111
16859
1328
69799
87820
17967
2536
27418
11114
15753
63330
21883
92658
84948
51737
74716
15461
91947
65853
44069
40159
67402
21415
36846
38548
64415
81068
70791
68521
25831
7478
30983
42690
25157
781
30509
43123
19668
57926
70588
35421
37608
92471
28078
22555
60559
19145
54367
52505
84998
98435
92663
52399
36201
45861
7298
16967
26928
78089
85488
69110
1918
32822
11799
27074
49955
58659
86548
69622
32937
73488
5042
70544
65958
49471
9450
42868
68616
80168
95373
69965
78602
4387
38715
31154
66599
46012
48121
9878
24100
49960
78988
42369
82781
7138
85794
49087
65797
72342
18709
98733
45829
40102
85628
28138
5925
11429
71005
90892
91596
82729
60856
86549
3468
99570
17702
70066
45581
82174
79944
86033
32133
75283
44753
31266
82420
30547
80352
48216
2888
15412
63300
65068
55514
65279
9557
77790
76707
96913
68681
84654
79642
29536
71202
83109
45457
5256
69526
7389
87429
49469
9773
35914
24751
54526
83531
23523
85072
80234
71738
4311
95646
51390
85730
67511
16668
95286
45300
93375
92198
13980
94380
88191
59867
65582
71299
5323
87189
40825
29063
90969
6645
38836
43234
47748
93361
26764
71270
78432
23350
59359
99094
18995
10748
84823
2857
27416
80108
64508
37142
88657
78487
31521
76848
54705
13454
64498
76379
16994
21674
5441
7963
28319
44276
67548
92418
53988
94312
63687
48771
17661
23045
47864
53007
33793
32686
72215
77560
29145
36722
14701
17802
15208
62573
11001
86264
92379
75498
62642
9372
97172
68082
33686
41842
28710
1234
34259
82697
95545
14297
47820
29557
37341
95683
98915
87485
28369
71129
81396
73865
7850
12448
91666
39409
75021
2666
25672
67399
94516
4665
93122
8039
89098
26808
49880
17807
28041
490
16856
39937
14786
64675
85845
52126
60357
84759
55963
5077
72239
37358
78942
80088
49806
86959
19496
41178
5977
61519
24928
492
66183
18049
8530
55280
44856
74761
89439
89248
75250
22646
29184
90035
3672
15028
58512
80380
16138
30826
85457
88376
68184
80750
84815
34341
84060
4310
91870
90036
82180
16797
6879
64714
34845
15408
36346
96053
6520
25784
85300
81769
64781
14484
88155
68452
45863
46667
48831
78353
77492
50639
66728
62027
47740
51543
12719
31800
72204
4588
21835
70736
21384
28714
35449
72581
60473
71794
68633
66993
13929
53932
65113
95061
84767
53268
63512
46982
16286
28695
25334
93777
95685
8413
72156
59777
76307
84874
91576
64863
5814
29762
35598
27197
74827
87398
16129
35300
75544
84761
18644
89472
55045
108
84533
56163
69727
64396
3144
86012
9442
44829
96141
5127
69594
68296
64903
62252
69521
72830
27114
75334
2591
79063
18883
77418
82813
35011
29069
58356
19772
64064
47827
91168
64171
48711
47330
33898
29459
50474
36261
38900
11654
32401
60378
81247
696
41632
43499
86569
30813
86964
61902
33404
82379
97136
27173
65191
32147
72593
23546
68270
36656
87724
59437
17178
52787
6766
67427
82245
73591
3688
37496
85245
36088
14226
82843
53136
72209
42693
39704
3022
29657
17957
52777
28387
15093
79949
93577
63591
52541
33474
31860
5548
21197
91296
22725
90335
14413
90152
88931
88004
93839
26427
89600
46278
57004
72442
15765
29212
15135
55468
48585
61143
89777
1361
5881
21221
81309
99457
84811
50201
49282
16670
55748
70478
24317
78473
60813
38729
84976
66095
43084
95166
8873
32683
41443
65876
21477
57208
11440
52963
29027
60024
14105
35155
77737
36337
56375
75397
35793
41185
25598
85074
74206
97697
71903
98522
92521
49067
53603
77496
15162
96686
72661
24034
45721
30456
6262
67197
87663
17701
20159
33041
94076
50615
68196
88164
86951
24570
63561
39095
82107
5510
40520
72664
3206
12422
71186
95727
77841
41140
89574
93002
54177
62235
33387
99897
9042
39648
83445
96704
73700
3603
46096
84128
70569
14291
72291
57519
55213
35851
96613
53671
41360
37132
26334
60918
65906
13871
72996
43746
55010
62569
53099
9187
41155
86485
25435
50196
42485
8880
63251
16184
28834
9347
16663
99403
39989
88954
73273
95201
24804
86238
65223
82516
23369
91557
43433
5626
5427
16428
65723
60437
95348
18821
85975
36503
21658
11409
86698
80494
36640
66301
13029
65474
75647
29692
81228
31987
18645
54500
27188
59800
40737
92410
42315
80458
318
2099
2435
5745
34878
68158
82533
30226
3330
68507
66728
41339
96267
69777
21832
49259
36077
51213
31084
28075
80904
12311
60062
15900
83162
3601
75699
40251
12362
34366
20708
12680
36464
23142
18424
71342
7651
956
17919
10981
85814
84646
68671
98432
54422
90503
47690
6851
41715
78773
34925
38970
7435
94986
71221
6949
98586
46919
47199
10948
97636
67906
23627
50452
7399
58402
38145
31402
75709
56063
42382
61522
40708
11052
76305
11481
17906
40347
18331
75972
19119
53256
31293
42906
64593
2513
49854
63179
65784
97052
90478
63419
81309
30456
13870
5059
88857
68366
36460
80917
24428
95193
42438
81487
22597
35094
92968
56854
75440
27650
32826
10911
97257
80470
53816
61850
82983
20021
41380
48766
33424
31857
28536
31084
78664
58758
52494
67520
27123
88954
48436
51551
498
7225
33037
39446
58670
42356
96300
34110
70006
45477
45020
67262
25946
15187
45463
25280
51559
86842
90397
84982
35050
18933
32417
13713
94042
84910
97584
21164
90215
62371
89066
90713
85947
22103
30158
44617
80810
42809
95078
50815
88285
40097
34429
30583
71635
96243
55862
23193
83085
46259
8174
34486
81543
56942
64551
75584
41851
62134
96747
32066
40857
85813
39130
43155
24267
69287
87771
21428
28448
82848
88595
16732
39296
23023
63666
10930
19265
19528
50474
18701
82138
74999
69539
63680
31940
34089
55615
73791
12574
52361
5856
53430
54525
44985
96585
95143
30623
707
32923
59070
99907
21517
92154
55554
60891
55819
66484
96507
91698
33309
15208
73835
8308
1098
53866
40247
35186
9480
30389
47759
78193
52596
17541
49069
97580
14125
60564
44555
31183
93486
19976
31089
15002
28481
2995
92244
652
69478
88750
92349
19138
20309
82536
27445
21406
52753
84044
56591
78585
14432
20702
73129
67028
38242
22197
80959
68718
99112
41865
99900
8949
78193
47341
40302
6673
50335
32545
7324
36164
21295
16025
55301
57955
14912
99098
79361
84016
83141
52303
62600
13924
73004
35728
97303
11245
74277
78262
79962
89740
36478
96214
98689
14670
59906
38990
21343
10240
87887
45018
62755
9181
77394
34407
83487
8657
33504
79199
92673
32996
31502
71624
46920
20857
23704
44222
32102
97980
38835
28415
4071
75313
40980
2759
89982
885
58101
27676
27476
45987
72694
6582
71519
66439
40989
71357
75096
90844
50556
67768
40192
82057
39391
3463
2913
63094
47684
51366
77425
2871
96133
97848
94535
37112
16958
868
54349
75058
28544
98176
37396
17589
21110
25266
84027
62098
96623
59122
69293
47178
43241
9484
45586
98984
12946
48498
62077
76982
16216
55854
96204
12348
70053
90738
65811
87010
91605
36511
78420
36500
34687
15815
54088
55796
57433
54467
34245
70407
13588
19889
17584
73181
45725
63169
72164
58670
28018
50592
52003
60585
6445
48206
72932
76497
55295
55095
79859
63252
91605
58278
99751
42643
90444
70191
14790
47876
24657
65386
18282
38244
85275
52217
11424
30999
31737
99939
6020
59755
50531
74375
20339
73327
38932
9623
66176
94227
64717
46034
73830
72673
4311
73580
15316
11106
43770
46457
58982
84778
11843
93615
23022
13469
62184
50797
44467
93920
50736
66838
70026
17618
41212
6717
90944
80144
32691
57119
90722
13759
3152
64551
86431
23814
54482
18098
34920
14604
64555
10253
99381
92749
20219
38754
6217
82402
89551
50683
76322
56638
33872
62699
74255
75084
69415
81550
71579
2105
38669
62300
15863
41820
43202
18646
81986
97683
36743
16905
12286
17649
43509
11667
10397
63727
50420
16613
46129
56322
83647
38802
29311
17519
1500
19917
8954
87267
1467
80532
5723
56487
42831
37938
98306
86032
56583
96643
66
9677
29899
12352
27326
73407
40370
54074
37134
90789
87039
99614
63463
70685
38415
9125
88203
56266
29042
97156
59884
46860
94039
65607
3346
36869
3544
18003
39252
76478
14646
39318
86154
44544
68021
29831
34303
8390
257
71436
15530
87295
87401
95344
57979
25815
4469
62534
98432
49862
76041
58316
96721
70080
40274
16418
23300
43817
34420
78904
36646
65417
34573
22799
26313
2593
68982
60615
27334
69238
48402
42863
56532
35802
38207
14510
77968
59027
93395
76399
8888
69436
51066
5608
55867
91339
38377
79166
51507
72796
74421
88152
54565
8993
10951
80877
11585
96284
41491
38918
65521
6244
98133
38404
42045
52691
69265
20012
11717
62660
12762
20604
48447
63828
42563
4313
55166
80939
99830
6673
70086
74251
94824
24650
99595
22126
5526
11180
34761
63368
66449
281
69611
80933
55036
28007
33623
24301
48018
45339
86960
77132
82294
51758
40959
24856
72422
12476
22146
88603
35500
92232
79205
46676
16881
78800
85153
38759
6331
19914
18478
72779
36546
4441
53712
91582
32447
3686
15882
96817
49025
19193
73948
31318
70950
31258
72526
59723
43733
94671
48325
95585
86902
27530
42260
20135
22681
43764
58893
29011
63677
93722
18141
223
98162
71852
91804
46961
75538
24037
60129
40914
43229
34076
72231
30530
81685
61108
90252
41769
55779
54928
37353
42680
82457
95964
62814
5137
39728
38058
50499
19756
48132
68640
19978
46293
56843
28133
9605
48732
52169
69733
89645
11749
20160
78228
58630
1844
39335
48881
43613
95113
20161
80965
54145
2617
93281
16958
24106
49360
71368
90956
69115
19499
59595
5445
82143
16438
33577
8100
65169
2098
77832
71166
30198
97992
65745
88828
16187
5079
54060
59799
16544
74220
57116
70688
93189
50396
3997
33646
99755
91716
24601
68869
27566
84196
74313
9709
16985
24242
34160
98505
42691
11991
69670
89240
26334
35414
78067
58873
56845
48479
18671
73388
22698
75786
60427
32238
26181
64423
65883
42287
72491
90484
27508
56
91031
18172
26116
24367
58765
60275
22871
1455
88618
92541
7047
31303
27954
85113
90175
84798
33591
8846
74537
72641
983
34963
4878
43516
15738
87113
85802
4580
77596
29661
4635
84978
47833
47103
9344
6597
7377
32214
24404
12346
41106
31450
43649
85412
16562
50175
86561
66505
75372
61098
55497
76355
12412
76726
36222
44501
63838
22023
49080
57785
68036
53715
42762
15868
817
68457
22464
24545
17023
46867
36891
58128
78316
96891
43539
11230
47065
30100
94086
22437
7549
65934
15143
19960
42659
51364
64461
6497
89738
13540
64281
57773
83606
23395
73640
774
8203
96104
25319
25225
59322
78561
99705
53990
75451
43243
65219
38867
89694
75656
61303
97242
41589
76445
33554
84247
44160
98014
7095
33898
27905
71376
91670
27863
11122
65310
28636
19324
77765
70306
60901
53438
48866
60605
7427
40668
3847
72645
79535
9893
64652
57189
23486
6240
49986
57039
6839
94145
71404
13933
28042
15661
1660
19712
43523
12781
1373
72158
48457
95489
42464
9357
48926
7681
69961
56353
48349
90159
45349
27883
16403
26353
85071
39889
32592
35056
13279
55782
45553
84683
69715
73594
343
87726
9657
60217
16859
27381
32374
65315
22869
91189
91023
88147
98870
77335
60851
47218
67493
6199
75100
83896
48903
76522
40136
81495
27930
53414
53628
73482
54448
23342
63427
71142
27420
89436
31358
44278
16816
63732
25944
56037
71272
16966
44183
70141
94300
21385
17358
78144
43935
8809
78391
92838
1683
18526
74332
45964
88292
27959
19445
42739
67653
99223
13881
11424
88658
45238
55701
21826
25321
81644
77862
96593
14961
38396
83085
25612
59780
16795
20107
3714
41955
98498
12903
43637
33375
87234
89600
21666
31545
25396
80757
15549
40971
10989
26972
29628
72578
99024
67805
97899
97019
62018
10843
11979
16765
93927
53942
76544
10721
74048
96610
52676
88897
9512
12664
22272
13098
18616
60289
60994
44011
57397
92894
1333
68385
19865
47313
40963
18888
15117
55213
32258
77135
66055
60588
93899
59981
14529
86795
87054
4928
99756
56081
93825
25619
68744
16096
55068
87359
92736
32413
47722
50133
25306
49054
34869
45170
96366
75831
80409
27835
31043
29018
4969
13449
89605
15219
89782
4133
18365
76835
25413
18120
49267
19237
60091
18010
51684
15158
21721
44419
47571
69442
10903
89228
34847
45772
50750
47565
37954
31158
75399
85349
76528
96719
98797
66132
28289
4930
86617
46654
81764
12029
81125
31030
31265
41215
65392
99300
72725
87112
43718
36647
72905
70973
42226
24103
16744
92975
71667
71049
24133
63417
56397
17012
60135
71546
83143
4776
76475
69759
51429
74591
98139
32553
21972
29403
90120
3715
28702
79196
90826
88772
32194
80082
59744
74419
4185
92839
67394
92203
80239
7878
55620
36636
24889
32106
24533
24383
36881
17359
94142
88309
91949
92280
37214
30273
38035
43685
33987
83088
39232
41165
88211
71425
21246
64306
62195
41782
57144
45940
33985
53735
53817
89604
6722
95057
21709
31254
19440
74942
48612
29933
79602
56913
38564
16815
87185
76598
76851
37523
76038
16082
78687
64248
3858
99933
44906
82405
41714
18401
28344
75698
72135
98513
81653
78856
93569
19714
10109
29360
94655
75073
59292
74256
48337
97856
7423
51873
90805
625
89395
83194
16707
68082
63794
36916
68014
8699
19320
26079
27099
47664
1777
99234
46176
99781
78089
56096
19494
4550
85456
30500
95974
61099
4756
44310
75306
28530
96182
66111
29154
85576
65656
62212
53657
29449
99128
38022
38147
34799
64101
65246
98814
82229
80831
44989
82009
58919
17437
17855
79820
19244
48354
92145
80342
69461
36454
55648
97990
48987
38110
43496
50915
3765
5707
20923
49566
21186
75297
87712
72337
39397
69309
71150
37977
50139
32491
36337
25410
49927
54191
5229
85522
2545
97374
65863
72005
50179
37862
86347
15518
75971
29842
82784
96088
51900
3706
45653
89438
79002
49716
61774
34750
19025
49275
89078
69163
81765
25415
94572
48043
79605
16153
33564
98501
29878
15779
86858
96408
53640
73204
28277
45963
19397
11060
42050
87648
31118
4054
77085
10119
53769
55210
61221
72793
4485
50298
58308
2601
75712
69231
50644
71669
1735
559
70169
47964
16337
57026
44372
86329
46581
72648
32291
65977
60
90692
53625
31177
94745
47061
57647
48513
2271
18867
37658
23107
85517
12317
25707
77580
81547
92702
49248
83282
93261
35769
31245
25949
9146
91968
12277
72079
80968
44567
38055
97379
35258
8031
28555
46354
71444
86201
11219
73714
21420
65228
13172
23288
77544
55230
867
59090
47932
66467
58723
57544
18587
6320
83492
44084
14639
12121
16162
11958
56687
54217
9336
8297
78599
37890
71002
50042
40443
82220
40107
78214
47447
69630
1501
24990
24860
18719
432
72791
1537
75506
30334
20123
98177
30177
64207
12816
42297
80368
24773
15336
50936
50461
23632
45887
88350
10985
12280
45144
93205
68739
23357
40651
38368
41209
81993
63227
76280
82424
52369
77816
74281
99054
14291
72458
45583
78497
1625
87879
75216
42749
3214
42504
93209
43197
4742
81559
54182
17021
43054
63738
85759
82763
20740
40479
23971
2732
3705
250
1507
72426
94418
75788
71479
8708
64597
17061
3556
66221
21292
95123
8969
40857
37626
2178
406
42367
88
70939
75740
59493
34676
61498
42255
55415
1976
66226
74499
22033
82827
76005
94458
77244
68144
82288
2303
49092
15701
5858
31664
36992
17333
40633
77848
54958
59162
78253
13677
75601
49191
5768
35093
218
67265
77348
71985
85593
59925
46483
23977
42751
38839
18434
36347
6983
17073
55001
72426
32773
77211
4090
86116
94543
61074
63964
65852
36587
58568
95880
12187
24111
1647
63631
40680
68912
57330
12664
70856
17254
59146
94832
76357
97985
29617
29055
21319
46689
84055
93744
95814
61265
97833
81929
72159
58906
62244
38011
95492
37164
33890
24030
77626
35537
87661
18305
20800
61342
30969
8007
78596
6466
2838
71304
4450
48806
358
42120
11846
764
35864
7659
78381
50048
5940
50539
8954
68183
4901
20797
5346
38791
44827
82971
90679
48839
17628
27830
10180
48596
35836
5127
55061
55025
92782
75863
3830
9491
17982
15675
10255
70197
39686
4987
20245
45625
55525
29198
30159
60426
66346
35505
15568
27524
34827
6246
76362
52454
34075
2894
17401
86262
24372
88814
41286
17154
81028
61467
42996
15361
93493
53250
85558
33178
58236
5802
78802
30113
51351
25313
6890
17696
60817
22457
45220
11995
45054
37933
80801
79128
57178
14553
81741
81550
3366
23026
15055
745
84492
58050
16106
94336
27652
1663
27514
2239
7464
22667
32351
75166
47979
39240
92861
25147
78048
38080
37142
23101
92365
34294
18580
49542
48846
320
31091
68564
23345
62497
69308
24188
36899
85413
18524
64550
3427
62389
66788
27242
85055
15491
2407
49386
71082
95268
74532
49130
49699
28025
72230
42063
78670
7162
7957
27516
7481
55399
96079
47178
17896
81738
87717
54794
83503
22592
35695
86929
84980
2482
14171
86387
34324
16577
52124
5406
28196
26655
70887
94247
71032
59468
36309
49701
66629
44265
93568
74110
16016
5998
21287
33911
87736
25355
5056
87590
47947
40750
74518
32926
59583
5040
35664
93907
37969
87787
99312
66164
30794
86550
60410
18177
46017
13071
84229
12646
73687
77797
3107
89702
146
40745
39964
4233
66099
45019
91822
14045
85768
82692
63323
45351
87731
98986
55609
25699
3125
71272
91863
33918
57821
68624
52094
3837
81694
36322
32834
71733
30470
52292
61434
30616
93036
1398
51200
59135
62768
43022
89531
48536
25713
69205
10238
13443
84543
65846
55494
87667
37117
63708
21584
11289
32331
90029
15125
30377
42702
64311
2109
73172
16602
79894
20139
9638
97643
71338
85124
60411
14359
91006
8946
56423
60211
35535
86218
44753
1380
41711
48771
54848
5418
70354
66136
37748
60382
97612
84476
3083
78274
86584
92606
94876
82830
12744
20865
80472
434
22340
40882
14792
29697
66179
87567
6259
1713
73784
67363
19444
31846
16133
74291
37263
86486
56778
91362
63219
54390
75838
82654
49015
78773
75259
60242
61602
4355
81106
42074
4788
19797
99307
35931
65846
65486
39849
72104
67198
13632
39467
86642
45477
55599
60932
99091
58437
34062
90453
21655
4803
82642
20660
53817
61414
12271
14059
39368
32977
11516
97793
37764
47665
97099
90046
13510
62584
29895
85613
29782
59878
25079
16423
21707
80678
93706
20797
55466
44119
27601
77120
48921
26594
14132
2738
88008
26402
33148
43727
59378
44663
41519
13493
92327
38617
3538
5836
17553
49784
7801
47334
26014
32879
80108
64072
29908
90165
84868
85373
34284
28821
78845
99556
55414
92976
18645
59773
19377
51792
3499
95106
12807
61369
8598
21485
16338
28487
43673
33890
94623
51473
97575
20636
703
94034
84707
30611
550
85926
32335
34833
31098
27531
50741
86512
20506
69385
62636
56234
21177
82487
51339
50335
60207
76288
71819
76544
4775
15491
26785
99397
83315
40711
36384
84018
51096
21090
30980
51646
23367
79666
2830
54465
7197
53570
57328
44054
22955
19963
288
60483
18801
67978
10817
79008
44266
98987
71903
49040
30830
98688
64788
14144
55750
1171
14513
6846
38612
61844
58491
61978
41510
61320
32794
65058
31242
90121
9111
54196
26436
25750
14678
45236
93728
41846
40595
54345
40832
12498
19736
71661
27537
84523
2157
83286
2045
16669
6483
40656
78513
81325
2633
36374
58997
35427
1431
90238
41899
10541
44433
68334
36291
75462
29922
46370
33659
86868
714
90842
99365
20449
62503
43253
21323
81011
26539
23367
97679
49373
64022
92543
30698
83006
28916
89694
34784
46698
79931
76683
57239
40715
61368
9881
32528
7641
56250
66186
94509
73315
73379
93873
10115
35881
37126
31437
33243
80016
71155
30922
45740
51528
39816
76437
34533
85084
82482
85669
31781
78764
62351
5371
35830
40070
15251
68357
47711
87852
50894
42219
77518
24273
52443
87632
76505
5920
35420
9748
2287
6574
57021
48027
74453
13188
40815
8986
98271
23297
11006
30052
18412
73356
35422
54242
29777
67025
38950
77487
54876
6196
36057
32394
46820
88500
36377
39676
10771
71797
65775
13058
94722
39147
61084
69175
52335
1898
94512
66957
41546
5517
13360
76310
95224
65134
46903
25000
32158
85852
18839
3385
8399
71247
52130
71570
59746
4859
11246
86869
76655
77020
99926
87728
32519
61009
56902
84853
79258
67765
68161
37156
73281
81521
13465
84856
46654
60367
26208
95163
62570
61398
14899
70969
32644
83381
58890
8742
88239
70135
95610
64893
63507
95535
68972
96025
72895
25874
97229
52152
9990
81741
5659
99623
63261
19123
84478
26266
95841
27037
37780
58411
88434
52679
45731
37430
52411
4620
46171
40649
91107
41780
21893
70965
53666
90864
83341
26560
33089
96921
95063
43079
78661
722
42701
58274
36196
43530
891
48389
70567
38671
6799
75352
7701
68881
12781
60111
89852
58951
17111
97310
17082
39003
68274
70747
46218
67966
13658
79307
64886
25073
22385
59899
25794
81437
18172
78341
24966
19062
26729
95532
74084
49879
70884
98136
35111
83664
74598
24963
58967
8060
22272
76048
47062
6898
63147
93280
74863
76804
88938
56101
1876
11322
15999
44021
92758
34170
38714
34075
69583
81794
45959
60019
31673
16842
74506
66783
16857
65456
8097
92175
73515
46721
68223
20577
69970
31369
30208
44832
24524
19145
932
42752
46818
16930
3124
55927
67451
41837
90001
53386
23631
35959
13404
71655
69152
87909
38437
86009
53364
62886
94535
26879
9606
62757
63807
95927
10477
10366
40758
51353
29510
58042
94104
76327
91323
97227
32253
58774
55416
38605
12159
95398
74564
41914
67052
43715
46174
21840
46075
15890
84725
40610
59120
10682
19718
22926
6608
46547
33291
63718
97899
79152
38111
8354
71830
29433
21932
20434
4558
93699
59038
33068
89096
49953
74981
56147
93668
37507
77987
56094
53396
79063
13055
12515
6097
32773
51792
29056
95671
1434
92773
9921
80585
30883
18274
68766
76668
56557
89199
81225
50256
48236
14293
39351
98189
5625
11850
8208
59483
6188
80653
12878
85250
93708
25392
7698
42832
93535
36754
38502
94968
29526
64774
91904
76761
99399
60669
53428
55955
49867
51004
22562
14455
81648
61913
12643
3625
90114
37202
63107
96301
17854
75985
81550
27913
17728
89248
70744
27615
42353
25597
22582
71878
90370
14486
64990
89768
75154
34769
62075
25021
2125
84636
39475
83772
62900
68469
3748
53013
22022
66855
65665
39875
59191
63567
67788
93270
52814
54883
20884
11518
96832
43466
99747
87201
74303
64737
93321
49456
15857
55395
90828
17981
56382
46654
1753
19282
31474
5500
88646
53495
88706
54311
9722
47896
17877
93861
41166
87042
48743
78401
98559
61926
21866
98305
65479
96168
79393
58799
61976
95250
30545
69155
13230
3278
15809
31334
22559
63634
53186
27557
17129
41891
98219
26850
6139
32447
37062
63656
19488
2156
42056
34398
64082
63922
49054
29560
76441
44799
4710
54768
40048
35254
23923
69629
38531
56083
17315
77442
36068
70500
21350
53196
28742
19568
96397
34880
52014
33458
98535
87853
51966
40591
38602
16047
20864
4007
61958
13656
48805
66667
68424
5204
18272
8698
74833
56802
81132
92147
50595
17199
78998
88296
86747
7739
24215
83143
58971
92580
32953
57505
80432
84918
14447
35385
17316
35310
39392
79273
65318
88196
45939
50093
93400
64210
58790
84584
37363
56273
93082
4310
89823
72079
92605
76569
96169
16820
76064
71491
9399
9016
45348
6183
10285
59794
57919
43952
11456
97310
23224
76773
1858
85514
26865
11609
66075
2006
96192
3437
74630
5625
24098
64452
94055
16703
41021
6575
49874
17084
78066
75624
42451
23413
81806
69087
83206
39725
13038
11013
53386
52613
87785
55243
54478
31001
66851
20552
49358
79394
40340
23987
85018
64438
4791
95424
81140
45811
1999
47365
79246
80064
22988
21696
3476
4794
7134
3033
60870
20171
14046
14255
89135
18182
85850
43612
65535
69052
64163
14892
64798
20854
55231
49815
85291
60021
61591
82782
22183
63589
30146
1428
43652
53134
39475
47127
74279
46608
50159
35148
83130
80556
65754
88616
98738
67955
32227
64272
37007
12741
95515
1804
33594
50745
67970
35237
27117
29560
18018
65651
9500
48164
83430
53151
1297
22904
16629
91927
85863
83140
27074
85344
63695
9179
73959
62432
77134
22537
43055
30492
51629
38570
48647
1575
5666
16616
36811
49135
62528
54828
14785
72027
2991
98215
41530
20639
37470
58158
12565
23333
41297
55990
25028
21344
81521
98987
127
75006
21523
43182
5497
89504
98103
54143
91078
3768
87110
27888
52902
65989
82715
84039
54368
2058
98605
95897
39048
36074
54054
67965
75758
11703
40306
786
33046
38178
16124
33172
13183
53998
92705
35031
43501
90807
5525
34578
94575
8987
78817
63828
74975
77884
64218
29342
96293
62822
25238
35340
15248
95644
19656
7357
7346
59962
24494
56743
14491
56969
6266
27674
10967
98971
62704
70819
89777
84581
21749
703
93567
565
80883
84893
78448
45100
14235
74740
24274
55824
26432
55873
51467
46087
79581
75164
22400
20427
31906
36891
77395
38172
80916
4713
37142
59971
75532
43270
44551
97280
43973
54469
14196
24855
39362
92644
86306
53596
83735
26931
25771
10166
82803
77238
72605
78736
52401
95004
99162
659
48246
92908
38830
29161
97621
75971
5484
89504
35592
50034
3135
79564
20855
17330
20770
60216
26325
23428
30163
10060
50358
55933
36577
49513
49522
9181
44600
1923
20537
43761
2581
68782
53020
57762
14295
50640
50084
19778
56495
85675
86163
59629
81591
7017
93311
2360
83584
19635
42139
13746
29694
8849
69679
82623
58361
19200
91803
2960
37474
12339
63072
56406
97473
16091
14167
28119
83083
64250
64248
39577
66277
50410
15558
47867
73779
8868
66578
57362
28502
8717
71108
74548
17565
57138
57170
92277
92689
65324
11588
30163
94015
74659
2920
91487
7101
33439
19605
90183
14040
83852
46112
80316
50613
61669
44534
40743
86888
11112
98105
31741
36180
85564
6288
70096
59053
79809
62372
51741
61485
90311
98255
55499
64969
1175
46985
88421
34613
82941
94956
48652
83144
57419
45320
33756
19087
89853
74499
22326
964
88955
54066
53495
90870
76706
23590
49922
56514
85961
18014
17998
76271
16269
73496
57591
33795
36832
62364
68407
36124
57319
33410
19267
14737
78729
69375
50175
68582
60225
72500
85897
49179
42917
39392
56400
19622
62981
6321
76136
65294
40686
10485
57916
56954
333
31859
90748
53516
10574
75506
89640
84244
25268
25258
98980
3996
94632
65506
88929
54856
54357
91178
20386
97273
46921
76785
16895
26253
99457
9382
7898
40143
36218
82166
13448
52902
14024
4196
6418
40949
96053
12409
25192
21320
37666
40523
41668
32298
6028
46948
87153
76736
38125
23891
90360
85045
17027
23606
27650
16484
49339
35547
72978
85557
17712
86425
54810
48087
6972
61227
89035
19377
73635
14226
40696
11301
71100
98715
43598
93479
45663
47102
70214
139
87344
76926
1536
4371
531
29185
37206
66222
64731
10183
68130
98795
12959
22939
46881
36283
84166
52268
55659
74152
82845
12706
85452
53945
11421
45401
47423
57083
8855
33989
57221
96198
27266
58756
568
27796
87940
37773
10369
69023
64307
78498
67817
77266
1437
31049
29900
1954
99668
85558
76105
98865
98263
61557
52809
26035
23309
16583
83117
32163
66923
56690
28361
94188
15445
45280
38336
19737
83053
48704
5111
63711
27202
89279
40976
44990
36679
70875
46943
36347
72784
23047
35211
87399
955
4371
13433
24264
37305
96550
72778
4228
69591
17490
98415
1387
62770
36750
21123
62174
1806
42585
25884
45359
31863
83212
90348
68542
54086
37290
21240
43222
60336
72802
30620
77643
77172
44052
1906
14476
56953
74683
35055
26543
92173
33470
27930
71294
86571
65404
33467
4728
7989
59350
50086
56203
42561
40433
41096
12999
77722
62335
56220
54410
51488
3191
32052
28659
47242
50309
59487
20547
41343
94541
47089
49867
44362
91370
21160
47285
73126
70978
52012
97466
46680
2098
53668
5592
42530
11116
18590
36604
89802
91161
7365
41290
94351
39416
69948
57945
6076
45786
78491
47418
40327
41931
13637
1040
33301
34796
48324
22778
5774
336
20243
68805
2433
90262
74396
61314
1377
92986
97917
91179
498
5281
32468
94849
61048
18767
69145
83475
64553
47635
47245
21231
89565
60881
38622
39217
95676
86946
61994
17801
3633
98588
2957
6065
88850
77353
83730
90226
86690
81647
97756
87187
3279
30223
98387
80679
48990
67531
64153
29894
31517
27749
67476
37434
88629
6097
76650
657
93042
54996
34809
96674
53583
37766
19090
58784
15118
2820
49010
1807
818
46765
5345
20448
93340
3732
1126
58681
87614
81631
4926
19131
9379
72401
72916
14360
78497
49565
15016
87891
20912
66176
916
90847
3941
36358
49630
35410
55529
14991
53568
56346
78108
58913
93145
87799
78996
94271
46479
66609
92253
51404
2091
17983
23804
75006
48694
18652
40923
63709
22894
78186
29885
40162
69032
50177
92871
35014
85587
48399
66356
55506
21096
44463
14418
14240
32261
93413
24862
95091
76374
17114
46494
78464
51449
86649
69822
142
21653
27096
80203
44546
5281
26439
1059
90665
92967
93929
25678
78553
42327
92033
50411
63422
52848
64828
94014
1460
74593
18875
96551
50966
52341
59396
45781
3789
46045
31954
20282
67697
59049
16836
28594
64330
59626
46005
54994
52593
39933
97023
47497
98612
5407
97907
78385
74606
62735
72398
76066
37327
91273
72616
4644
43613
48363
50424
63753
94407
82378
386
78455
57778
17222
23401
22107
76847
69405
93452
29439
9337
90474
93288
24300
12233
91194
2685
86838
53928
75082
62903
7606
66354
51870
28601
26318
16585
95377
90070
10991
77754
6808
5798
35531
24029
45550
73990
17227
14954
83793
63018
40642
90619
56305
64942
2851
47498
67626
89688
17778
59059
68943
41735
25413
37164
70336
68082
70100
65712
74504
97443
59817
81311
3240
11699
21691
48789
2040
38917
80094
85833
1934
37087
76451
74590
2028
79301
38440
86005
85340
56217
45064
70634
14303
86828
24150
84638
54909
94249
66701
45764
91691
26517
27074
11282
54568
48764
76422
56607
4033
56515
42439
22318
9954
18889
96908
11981
14541
35347
14338
16233
7915
75753
86866
22217
62580
27367
23207
33840
21616
89907
79604
29658
32776
23029
40940
87343
71793
33713
60301
75825
6580
2740
98142
16533
37980
11401
44865
68873
63099
59202
85105
71013
51306
88322
93230
30237
15689
16436
80429
53656
22694
76384
83313
55469
99412
40604
59163
87556
74317
19464
79732
97248
38555
94226
13780
76534
5626
74996
61758
68725
50550
46862
56089
1855
35184
49318
32092
67224
82105
12520
20879
21151
88903
4191
76619
4666
61147
35782
92222
51815
71597
71953
49062
10151
66178
79193
3036
71804
54188
64794
56880
4737
28007
12968
22944
79542
78638
55035
46765
77094
83906
67643
98244
89160
88186
91215
93825
65684
43348
86046
17498
14944
57999
82911
25094
40528
62103
44481
12331
32642
25626
85562
53731
53633
98530
76674
33174
93519
48060
96291
70612
31965
63933
68856
37476
68470
76422
31300
34153
19769
33698
68002
34712
91696
50912
76157
48575
13014
20637
60906
62008
46263
62819
15738
16247
61348
92411
65772
71218
40470
62062
41830
88786
42347
27037
42613
10816
3458
73912
61321
23226
7609
29322
74289
15656
80234
50445
64231
9599
87433
41488
71606
50047
20658
3695
82645
98358
96105
48417
69575
52926
10478
11404
58063
52824
38440
675
79992
58249
90939
41312
81474
14899
86985
55762
46907
67218
22558
27489
93169
26343
85328
81126
92741
5985
84821
75386
4342
97277
23802
73917
66555
34279
1672
40969
3455
56464
41644
83446
14712
48934
41109
96186
80184
28093
68299
27090
11663
7209
54578
21183
33551
56257
2308
26291
62242
3480
18028
66583
17109
41829
56851
83663
92460
58523
24631
95914
14986
82626
95711
29697
47911
53171
42234
28095
81263
26885
55184
9277
50445
26114
30459
347
82370
49119
42989
60963
68950
61017
43898
86058
2845
748
69720
95304
75622
10703
7569
90607
93328
19631
36656
41239
72801
95241
85685
70416
38477
57220
96044
88921
99685
26503
89267
98407
91973
32256
59369
60922
93272
3266
46980
12468
20366
33051
24124
95987
43753
31692
2946
53433
67675
39601
11023
56827
51193
96707
27242
89670
70278
23286
78590
69963
66140
67857
68369
74464
16464
44089
35385
9735
47355
98716
22202
67720
48119
62677
80058
8223
94369
83003
78007
78395
22603
89029
35221
73796
2087
62463
79817
88717
2100
58406
58679
84591
42614
27047
59054
59077
87487
10790
85163
34841
25858
23717
18912
90328
86393
98970
98550
97113
81972
76557
91859
20927
81937
27080
11074
376
5894
90890
89092
24345
65647
47770
8935
8261
91168
67988
83689
78654
95129
85204
29847
20986
8920
65110
11313
11664
64079
26215
25129
62403
2771
16987
99681
1059
44066
10754
1434
49959
17995
6877
74303
83641
70998
99589
8253
78517
83928
8294
57171
79057
93497
3369
42
18768
68478
27707
30431
48909
53921
55559
27663
73043
88898
27343
90453
32963
54448
8239
99274
72442
15115
89928
72434
86113
89517
80687
64629
73444
88980
38151
52500
98828
57871
68894
17595
42701
12952
64377
91609
83224
36288
19271
56266
25185
62965
63070
58147
17412
71308
73772
6205
86423
63700
78638
88887
69568
59324
69867
43011
64655
24370
11863
63482
82240
97108
81076
24940
10059
61805
32900
93282
98092
68522
65899
23276
31486
28968
81422
65249
16628
71546
71453
19402
35245
50091
8288
21164
25766
94506
64174
90421
18875
92388
70254
17467
5847
67682
58758
32257
29486
8010
41890
27577
76531
7788
50852
24369
53108
48625
89617
69735
20170
77422
5488
71766
27512
13775
92929
69629
24632
73455
76401
59859
82194
46655
77325
88041
14336
52434
20297
60173
60443
62187
87749
36974
86326
54952
77694
55785
19928
83662
41871
56450
61083
47358
44567
4946
77484
53848
74575
2116
27302
50975
61974
25847
13981
55650
30239
44668
8083
50536
4840
68526
29074
8940
21851
31751
80243
99544
87536
16523
99557
45758
72972
60640
93116
17538
65585
86951
71385
56511
89066
15038
23838
67391
40885
54170
39392
87475
98838
47475
54362
20029
32352
83435
45321
70554
31538
25563
86449
35425
42085
86005
81182
31408
62996
90649
48946
28581
77600
36682
1443
83017
51720
41632
66760
8956
95802
6151
96430
94639
69977
50792
31019
18680
50578
76339
89233
98467
18254
92033
33891
76690
78038
31425
8098
41033
22073
57043
85965
16024
10076
3760
15393
78147
45391
82152
3454
41192
4654
16236
52182
90983
83379
99553
9662
33956
75891
98895
48775
10496
90927
82665
87186
85316
30441
95283
42701
68866
68677
28665
84889
78752
32424
16633
73251
94167
98784
76704
51710
19790
92939
20244
10772
76317
19796
20433
26625
12038
35679
75399
22534
42958
74415
9719
44625
4856
5001
87325
73721
90029
15990
74961
68780
64765
91594
42030
75283
6729
35086
26993
42870
28024
47236
53641
4341
67031
90426
47317
95420
26104
22715
17953
85413
13481
44023
30038
18336
65375
17362
8408
55403
49703
83369
40535
30820
91314
98916
6102
98042
34001
49446
40912
62025
96681
10904
82717
80063
1329
46385
75483
43785
69099
9787
45549
82579
53810
91938
17267
19184
25652
25674
74587
75354
25394
15121
22525
33059
14036
44979
31101
64389
94424
88364
42765
7457
15619
25481
87519
33300
71865
79353
93436
57315
89140
38984
56245
42949
30922
89863
62132
56573
31889
36718
48278
57282
68190
87155
90341
98578
32133
37793
62966
26556
42508
5730
50364
58126
47562
37883
91425
35778
17235
84860
9444
6374
40196
82040
49322
71117
71903
27806
44041
3791
64523
8670
77424
49065
95824
67764
47642
27956
21908
26959
70864
64415
49040
21227
38893
12953
75461
46669
48730
92696
47881
74525
15421
4428
56564
81095
75544
44818
8900
35936
48608
73422
44605
26032
38838
40429
10147
86479
84736
32055
29789
71951
12821
78828
9530
68065
91780
84990
31086
56861
94037
95318
47737
9458
99745
4301
90552
91640
49118
99451
27575
14078
89224
88531
40109
28062
45311
66607
30892
46399
15013
60681
18349
44186
55860
44230
12250
47640
29220
59687
20852
39608
55004
68589
49065
54748
72889
55968
46387
38358
71770
90313
52435
77346
78844
8895
5407
40506
75502
52650
86904
6866
13330
5253
51051
85542
65834
79653
33181
95053
39339
54032
51013
10695
38972
77
65442
28212
72397
28181
66570
60518
34845
35356
37863
13688
60603
59621
54194
52456
12271
41097
59321
41952
62701
26724
27493
28535
6376
77025
39939
62066
47409
90951
72760
86380
7380
54554
14592
96128
82734
97513
56645
17578
32868
94508
47618
9822
54128
18163
62277
82750
75611
37950
24702
38312
64673
68546
83198
87400
45571
39488
49465
92979
46791
22225
79358
54170
76778
93949
66649
75863
7813
23293
9792
40681
34152
57409
66854
4632
91923
45483
87381
67534
83432
28434
22197
64456
96980
5394
51855
58902
61233
17671
51880
8023
56247
47589
78544
33024
57890
45192
25238
65702
68485
35030
22734
18988
8790
89588
23619
713
35070
27352
68246
34853
55785
90442
15660
69116
12187
83866
28017
89771
1536
96248
97794
57783
43837
76337
7158
18078
21529
48748
83779
6365
83777
6513
41704
8918
12452
81675
25982
47521
9026
10579
98725
81162
17372
14384
66630
29558
98249
94646
35681
16136
7246
33474
73918
67434
26162
97428
85511
64042
46175
85641
86758
46303
8505
28462
55220
20956
10136
97554
84828
35513
8132
83552
16674
25504
14287
83303
71413
28887
94301
7093
45023
17898
56918
35292
85331
83080
49071
87193
63473
95245
72833
50231
41547
81338
78692
13119
2293
5179
10672
87121
40691
18803
87024
73716
60658
1311
57019
32071
46549
67671
39163
91571
85568
96081
43215
87250
95512
92285
74442
58984
3882
47274
9214
61780
44963
4257
91250
47256
25787
1921
50728
66477
37076
54103
40193
97733
71765
13563
46155
18314
97585
85318
26236
83152
97750
69450
86753
93261
78087
61194
68596
81968
24819
94162
60099
69782
14770
51349
17037
40557
69621
84116
23385
6696
38218
79929
20781
9983
93491
66935
28296
7427
68604
54531
90578
82705
40333
93682
92317
34771
54875
60913
33090
79694
55074
93188
49475
69843
44536
82863
26751
14157
66978
50136
37204
5195
30064
74336
31529
39907
41271
59824
47333
26226
30707
54263
8931
87391
47944
1247
22161
2819
78511
55250
98864
49936
64789
48338
36131
9325
31200
62881
39833
14529
29368
93388
19723
59432
67724
67604
99338
25346
27427
46670
51571
74485
17284
76853
61875
65228
94452
84035
84398
89314
55636
83261
39250
36777
31598
91732
62453
79149
70964
2285
93677
332
95672
29751
59763
79747
97354
75452
5092
41133
38473
73015
15617
55757
66219
93844
20984
77022
94230
5381
66336
49866
88641
21937
86642
36590
13668
49094
32090
84631
67730
25766
1314
79753
71868
61076
75852
85574
36527
80943
26706
75000
70309
58674
47108
52880
52517
68091
29901
46747
89823
12588
12964
94815
34524
15957
47756
64543
81402
79845
65526
65483
21962
66839
61587
10181
44267
37438
95754
97145
34733
38811
88496
21393
97485
35603
74272
66353
20045
20525
29451
26219
33112
58766
21033
83988
91074
85140
64882
88827
64984
46759
54309
3297
29950
32248
13478
74216
69685
9231
87712
20769
48042
76208
42162
61878
11810
16433
28230
31855
36957
74033
58073
86421
32798
95458
70408
40224
80597
35289
29050
61933
82048
99711
65229
11997
31958
78706
2564
17994
87937
90275
38763
52330
66482
97276
14207
94644
13708
58788
42850
67017
49172
17274
53437
98322
12731
40196
38545
9680
75484
67594
71612
73883
83656
36840
2231
31965
31898
21146
49959
36186
11421
5073
88515
94254
2348
19073
5249
32407
94212
48098
99423
43384
65372
69211
41705
94454
9406
96601
4133
1242
64194
92096
91476
64202
28936
10059
96166
77185
31204
62476
13370
58976
67548
18236
69582
69895
37308
74830
18654
47871
39280
34428
91254
4651
3639
49310
15456
29396
45910
19589
46989
26456
28036
38465
90657
73323
64875
3174
50507
96078
65650
63876
55054
33197
82111
40987
19444
35770
15816
38097
83641
71447
72524
91246
92449
92514
40556
7905
38262
2817
43845
85250
29272
71880
40066
36280
45203
4940
39454
95709
17370
5103
75937
88775
54651
74399
29761
74094
10169
61928
28542
10161
33375
17418
1406
25823
9931
58313
33727
48192
61130
93923
49794
6753
65803
89859
43033
27357
11151
98838
39417
28520
20292
15353
17294
74942
6104
63406
65388
32624
25333
10281
42784
58707
27698
60541
84530
37629
18854
34608
2172
96335
28531
51965
3087
10685
58176
62471
38041
69326
61308
77457
14197
81599
9162
47842
72893
15265
11247
38280
47888
36579
48560
7023
95286
92610
67563
96167
30238
2768
47126
48761
99102
75656
726
2189
2692
58901
64659
40732
44578
42319
34541
75126
40269
60054
22967
13161
75318
34213
67792
39557
70791
32704
46579
82428
25313
30493
94946
71902
33261
42072
20662
32362
34079
21387
50902
36771
96639
31913
93854
57568
74231
44746
32693
14499
4799
55659
44012
96468
6223
11803
36024
77014
44506
98954
75793
69818
29447
70739
41719
79059
12810
78733
11420
63240
119
78674
16362
13110
10586
10216
70677
1168
54961
19722
32018
76112
91732
76029
72579
97955
4184
24955
91320
48689
40260
67112
34859
86058
54202
92929
65116
83363
71661
92888
46603
88132
87913
62964
1241
98498
89531
88269
16017
60844
7990
64386
36955
16074
56767
25885
14028
60950
67191
5347
9638
7451
72458
60848
93508
43012
53777
74976
26374
25437
84215
72976
13568
72127
35940
31160
86976
41822
19429
2992
2665
43770
67377
39619
59843
40495
65504
73870
1444
32694
95568
27434
56496
84378
88281
66356
27389
42057
41331
53762
83846
25545
43090
13765
97671
95381
44925
84646
37202
80705
3989
39867
40826
87717
79485
669
28212
61340
90890
29655
10386
86458
73440
66881
87187
61721
33236
14575
20129
90918
84688
20326
32814
27777
34091
46836
23157
95367
47833
60359
76071
51821
225
33248
55890
96061
33916
84101
73753
41158
30107
84138
43967
3547
67370
31153
81619
16958
62079
1747
7875
46766
22073
57041
90895
72515
3876
14051
84233
51709
90761
60303
19881
7337
9902
75770
19750
43818
76222
93502
1327
22681
77639
45293
42579
61360
76445
24197
78317
54875
42295
2544
1640
80719
59584
92534
69585
79811
22937
53817
31519
30049
30471
67752
37386
40373
43521
73487
542
36095
66988
1868
58775
60978
47160
1353
22337
39956
41901
17006
94830
547
19549
12821
97618
95484
21707
67202
75294
60995
21019
23165
91043
67841
90916
44780
8213
34436
18266
8754
70530
1605
10621
45656
62582
74132
63360
1271
14087
21612
18276
25268
22159
54176
38089
36128
49659
76147
3329
41304
37141
40699
64468
44535
8540
55383
5667
33104
6171
23932
41858
93052
41889
68830
55060
20822
42962
18419
38444
73400
56383
73071
98668
78541
27246
53108
31020
93256
45606
34348
50912
82746
91399
15379
43632
16290
87114
49298
49393
9636
89582
7602
2687
31470
92784
57746
68643
35745
92517
7087
25496
48899
80157
40515
43791
23755
93622
74810
33362
55579
25509
84273
54676
16907
99652
98308
33196
3117
47605
98941
12752
53538
6542
31790
1359
99325
89536
70002
51421
98404
77088
93269
47302
73596
33783
91092
97350
43757
82253
30712
99335
7761
31336
54011
24668
47339
52318
74215
50455
16274
89507
63206
69812
96049
94996
71170
11725
883
57523
79498
99286
50962
72766
62939
24558
6548
54030
38259
66656
52634
85322
65991
60394
16658
20001
85061
63996
88670
75628
30803
4943
65134
94008
91106
77534
5355
78628
5611
22589
36150
1460
21874
87112
90577
1164
11669
13476
55193
66279
80132
7826
51601
46122
84572
84610
66122
85984
48605
71143
61611
95759
76085
43097
89767
67191
36982
11473
45818
42592
34062
98319
44051
72287
85430
34627
73451
13450
64455
44995
79729
44586
69173
47681
90707
53744
48642
73180
56079
13598
44322
17690
9357
36758
77138
99123
20300
14119
26947
66117
56711
77360
64436
17113
49647
66217
68092
39449
79667
32546
795
75747
93483
86319
39779
84189
40062
88420
73720
12493
2017
18041
30182
11373
54798
23671
26847
75098
37789
53794
57566
10851
47505
38353
44316
97151
4570
12407
52951
588
61304
70098
92686
54786
56416
32464
55326
12830
37235
29045
25322
39251
63437
71855
50624
18234
95525
93822
9683
33313
63967
83601
44164
11472
21953
88479
24974
42874
17237
77925
59813
94892
48022
52498
66029
4437
1313
37706
33618
38547
66750
58939
94150
30186
30793
44773
64771
26317
54946
90806
75982
18913
74406
20145
30384
12710
24975
55357
55584
58563
33281
31748
69806
97654
598
52186
18443
1910
89891
52060
56809
72992
10999
50958
3177
58143
12082
84299
84460
67027
75104
60441
85939
49509
96937
16322
62219
38263
71679
34154
96825
21311
82253
82982
35317
82850
35167
53759
1112
41409
22170
57920
14400
49520
25229
17576
7663
37310
18226
8474
20688
93330
68914
6627
59190
82202
39300
37760
20464
27330
88265
33640
48641
70518
32973
83957
53367
68139
54067
70830
25899
76236
45101
40298
42108
70329
74225
49770
7638
92450
58243
44678
2131
43508
51304
61321
25709
90603
15432
62524
17933
3697
12515
82925
90566
45487
83233
60284
29977
53651
31114
55875
46238
76214
96172
88345
46543
70396
38114
70532
79197
12708
15209
81328
56215
82864
42648
98275
89819
74431
77150
24103
78127
89664
23379
85044
51502
6611
45328
97830
60261
76441
53704
6498
69006
66227
94843
31900
52974
49308
18784
32171
62016
33992
13498
34582
33208
72497
32857
23026
46927
10006
63480
25054
16022
86858
26449
83875
93468
71776
81705
70080
64568
35408
92929
33574
17987
4123
81825
70960
53431
608
19482
31798
50952
32979
66379
511
5475
99235
23536
52402
25593
87015
93807
57966
90224
20255
41840
83691
8383
23544
70122
72950
75304
63050
22875
93290
67173
21052
80601
36955
21659
83
68752
88962
49413
35130
89472
54888
50717
