28
42
56
60
64
66
77
83
88
95
108
119
119
127
134
139
142
142
146
159
186
192
196
218
223
225
231
236
250
257
281
288
288
288
318
320
323
332
333
336
343
347
353
358
376
386
406
409
426
432
434
448
460
490
492
498
498
511
531
542
543
547
550
554
559
565
568
569
588
595
598
608
625
652
657
659
669
675
696
703
703
707
713
714
722
726
730
744
745
748
764
769
774
781
786
795
817
818
837
867
868
883
885
890
891
901
916
916
932
955
956
964
983
1040
1042
1047
1059
1059
1094
1098
1112
1126
1140
1164
1168
1171
1175
1219
1234
1238
1239
1241
1242
1247
1255
1271
1272
1282
1297
1311
1313
1314
1327
1328
1329
1333
1353
1359
1361
1368
1373
1376
1377
1380
1387
1395
1398
1406
1419
1428
1431
1434
1434
1437
1443
1444
1444
1455
1460
1460
1465
1467
1500
1501
1507
1524
1536
1536
1537
1575
1583
1585
1605
1625
1640
1643
1647
1660
1663
1672
1683
1713
1714
1735
1747
1753
1773
1777
1802
1804
1806
1807
1813
1844
1855
1858
1868
1876
1898
1906
1910
1918
1921
1923
1924
1934
1954
1959
1976
1999
2006
2017
2028
2040
2045
2058
2087
2091
2098
2098
2099
2100
2105
2109
2112
2116
2125
2131
2144
2156
2157
2172
2178
2189
2204
2215
2231
2231
2239
2242
2271
2285
2287
2293
2303
2308
2310
2346
2348
2353
2358
2360
2403
2407
2407
2433
2435
2450
2482
2485
2505
2513
2536
2544
2545
2564
2581
2582
2591
2593
2593
2601
2617
2625
2633
2665
2666
2672
2685
2687
2692
2732
2735
2738
2740
2758
2759
2768
2771
2781
2796
2815
2817
2819
2820
2828
2830
2838
2844
2845
2849
2851
2857
2871
2888
2894
2899
2913
2919
2920
2934
2946
2957
2960
2991
2992
2995
3022
3033
3036
3083
3087
3092
3107
3117
3124
3125
3135
3143
3144
3152
3174
3177
3191
3206
3206
3214
3240
3240
3255
3266
3278
3279
3286
3297
3329
3330
3346
3348
3366
3369
3385
3398
3427
3431
3437
3454
3455
3458
3463
3467
3468
3476
3480
3481
3499
3504
3538
3544
3544
3547
3550
3556
3575
3601
3603
3611
3625
3626
3633
3639
3644
3670
3672
3686
3688
3695
3696
3697
3705
3706
3714
3715
3729
3732
3734
3745
3748
3760
3764
3765
3768
3789
3791
3811
3830
3837
3847
3858
3876
3882
3941
3989
3994
3996
3997
4007
4018
4033
4038
4054
4071
4090
4123
4133
4133
4166
4184
4185
4191
4195
4196
4203
4221
4228
4233
4254
4257
4257
4286
4287
4301
4310
4310
4311
4311
4313
4336
4341
4342
4355
4371
4371
4385
4387
4412
4417
4418
4428
4428
4437
4441
4450
4469
4485
4539
4550
4554
4558
4570
4580
4588
4589
4611
4620
4632
4635
4644
4651
4654
4663
4665
4666
4710
4713
4728
4737
4742
4756
4775
4776
4788
4791
4794
4799
4803
4837
4837
4840
4856
4859
4878
4901
4911
4926
4928
4930
4940
4943
4946
4969
4987
5001
5040
5042
5056
5059
5073
5077
5079
5079
5092
5103
5111
5127
5127
5137
5179
5195
5204
5205
5221
5229
5249
5253
5256
5256
5266
5273
5281
5281
5300
5323
5332
5344
5345
5346
5347
5355
5362
5371
5376
5381
5394
5400
5406
5407
5407
5418
5427
5439
5441
5445
5469
5475
5484
5488
5493
5497
5500
5510
5517
5525
5526
5548
5592
5608
5611
5625
5625
5626
5626
5635
5659
5666
5667
5707
5723
5730
5745
5747
5768
5774
5796
5798
5800
5802
5814
5836
5847
5856
5858
5881
5894
5920
5925
5929
5940
5942
5977
5985
5998
6015
6020
6028
6042
6048
6065
6076
6086
6097
6097
6102
6104
6138
6139
6151
6151
6171
6180
6183
6188
6189
6196
6199
6205
6217
6221
6223
6235
6240
6244
6246
6259
6259
6262
6266
6288
6320
6321
6331
6357
6365
6365
6374
6376
6383
6418
6445
6466
6469
6483
6497
6498
6513
6520
6542
6548
6574
6575
6576
6580
6582
6585
6597
6608
6611
6627
6629
6645
6651
6665
6673
6673
6696
6717
6722
6729
6753
6754
6757
6766
6799
6808
6834
6837
6839
6846
6848
6851
6852
6866
6877
6877
6879
6890
6898
6902
6909
6933
6934
6949
6966
6972
6973
6983
7003
7007
7014
7017
7023
7047
7066
7087
7093
7095
7101
7134
7137
7138
7147
7158
7162
7197
7209
7225
7226
7232
7246
7280
7298
7308
7319
7324
7337
7337
7346
7357
7364
7365
7377
7380
7389
7399
7423
7427
7427
7435
7451
7457
7464
7478
7481
7535
7549
7550
7569
7580
7602
7606
7609
7618
7638
7641
7651
7659
7663
7670
7681
7698
7701
7709
7739
7760
7761
7767
7788
7801
7813
7816
7826
7834
7850
7871
7875
7878
7898
7901
7905
7915
7915
7957
7963
7979
7989
7990
8003
8007
8010
8020
8023
8031
8039
8042
8050
8056
8059
8060
8083
8097
8098
8100
8132
8155
8174
8182
8203
8208
8213
8223
8239
8250
8253
8261
8288
8294
8297
8308
8337
8341
8342
8354
8369
8370
8380
8383
8390
8395
8399
8408
8411
8413
8413
8418
8474
8476
8505
8512
8530
8540
8598
8599
8657
8670
8698
8699
8708
8717
8742
8754
8764
8773
8787
8790
8809
8829
8845
8846
8849
8855
8862
8862
8868
8873
8880
8888
8890
8895
8900
8918
8920
8927
8931
8935
8940
8946
8949
8954
8954
8956
8969
8986
8987
8993
8993
9016
9026
9036
9040
9041
9042
9062
9079
9111
9113
9125
9146
9162
9179
9181
9181
9183
9187
9198
9200
9205
9214
9231
9277
9325
9336
9337
9344
9347
9356
9357
9357
9372
9379
9382
9399
9402
9406
9427
9442
9444
9445
9450
9457
9458
9480
9484
9491
9495
9500
9502
9512
9530
9530
9547
9557
9557
9599
9603
9605
9606
9623
9631
9636
9638
9638
9648
9657
9662
9677
9680
9683
9703
9705
9708
9709
9719
9722
9735
9748
9750
9773
9779
9787
9792
9792
9822
9841
9878
9881
9893
9902
9902
9921
9931
9954
9982
9983
9990
9992
10006
10033
10059
10059
10060
10063
10076
10109
10115
10119
10136
10147
10151
10161
10166
10166
10169
10180
10181
10183
10187
10195
10216
10238
10240
10253
10255
10281
10285
10288
10336
10366
10369
10370
10371
10386
10397
10397
10423
10455
10477
10478
10485
10496
10505
10541
10574
10576
10579
10583
10585
10586
10621
10656
10671
10672
10682
10685
10695
10703
10717
10721
10748
10754
10771
10772
10777
10790
10816
10817
10843
10851
10888
10903
10904
10911
10930
10934
10948
10951
10967
10981
10985
10989
10991
10999
11001
11006
11013
11023
11045
11052
11060
11074
11106
11112
11114
11115
11116
11121
11122
11151
11180
11219
11230
11245
11246
11247
11279
11282
11289
11301
11313
11315
11322
11347
11349
11357
11373
11401
11404
11406
11409
11420
11421
11421
11424
11424
11429
11429
11430
11440
11446
11456
11456
11468
11472
11473
11475
11481
11497
11499
11514
11516
11518
11546
11572
11577
11583
11585
11588
11590
11609
11647
11654
11663
11664
11667
11669
11699
11703
11717
11725
11749
11799
11803
11807
11810
11843
11846
11850
11858
11859
11863
11902
11904
11924
11931
11952
11953
11958
11967
11973
11979
11981
11991
11995
11997
12017
12029
12038
12047
12082
12121
12159
12187
12187
12233
12250
12257
12271
12271
12273
12277
12280
12286
12292
12311
12317
12331
12339
12345
12346
12348
12352
12362
12407
12409
12412
12422
12432
12448
12451
12452
12457
12468
12476
12493
12496
12498
12515
12515
12516
12520
12565
12574
12588
12626
12643
12646
12661
12664
12664
12672
12680
12706
12708
12710
12712
12718
12719
12731
12741
12744
12752
12752
12758
12762
12763
12768
12781
12781
12807
12810
12815
12816
12821
12821
12829
12830
12855
12857
12862
12878
12903
12925
12946
12952
12953
12959
12964
12964
12968
12974
12980
12999
13014
13028
13029
13038
13055
13058
13071
13072
13089
13098
13110
13119
13161
13172
13183
13188
13230
13279
13305
13319
13330
13332
13347
13349
13360
13370
13385
13404
13420
13433
13443
13448
13449
13450
13454
13465
13466
13469
13476
13478
13481
13493
13498
13510
13540
13555
13563
13568
13588
13594
13598
13615
13625
13632
13637
13656
13658
13660
13668
13671
13677
13688
13708
13713
13746
13759
13765
13775
13780
13795
13803
13835
13869
13870
13871
13881
13924
13929
13933
13935
13980
13981
14004
14022
14024
14028
14036
14040
14045
14046
14051
14059
14078
14087
14105
14119
14125
14130
14132
14144
14157
14167
14171
14175
14196
14197
14207
14226
14226
14234
14235
14240
14249
14255
14262
14287
14291
14291
14293
14295
14297
14303
14336
14338
14359
14360
14384
14400
14413
14418
14432
14441
14447
14455
14476
14484
14486
14491
14499
14510
14513
14529
14529
14534
14541
14553
14575
14592
14604
14639
14641
14646
14670
14678
14701
14712
14725
14729
14736
14737
14737
14770
14785
14786
14790
14792
14798
14800
14831
14869
14892
14899
14899
14903
14910
14912
14932
14944
14954
14961
14965
14970
14979
14986
14986
14991
15002
15008
15013
15015
15016
15028
15038
15055
15057
15093
15115
15117
15118
15121
15125
15135
15143
15158
15162
15178
15179
15187
15208
15208
15209
15219
15248
15251
15265
15285
15294
15316
15336
15353
15361
15361
15379
15393
15403
15408
15412
15421
15432
15445
15456
15461
15463
15464
15488
15491
15491
15518
15521
15530
15549
15558
15559
15568
15598
15599
15603
15617
15619
15656
15658
15660
15661
15675
15689
15689
15701
15714
15738
15738
15753
15760
15765
15779
15809
15815
15816
15857
15863
15868
15882
15890
15892
15896
15900
15931
15957
15970
15973
15990
15999
16016
16017
16022
16024
16025
16047
16074
16082
16091
16096
16101
16106
16122
16124
16129
16133
16136
16138
16153
16162
16184
16187
16216
16233
16236
16247
16269
16274
16286
16290
16321
16322
16328
16337
16338
16355
16362
16391
16403
16418
16423
16428
16433
16434
16436
16438
16464
16468
16484
16523
16533
16538
16544
16562
16566
16577
16583
16585
16602
16613
16616
16628
16629
16633
16658
16663
16668
16669
16670
16674
16703
16707
16714
16715
16732
16744
16744
16765
16795
16797
16815
16816
16820
16836
16842
16846
16856
16857
16859
16859
16881
16895
16905
16907
16908
16911
16930
16958
16958
16958
16963
16966
16967
16985
16987
16994
17006
17012
17021
17023
17027
17034
17037
17061
17073
17082
17084
17109
17111
17113
17114
17129
17154
17154
17178
17199
17207
17222
17227
17235
17236
17237
17254
17257
17267
17274
17284
17294
17315
17316
17330
17333
17358
17359
17362
17365
17370
17372
17380
17401
17412
17418
17437
17446
17467
17490
17498
17519
17538
17541
17552
17553
17565
17576
17578
17584
17589
17595
17615
17618
17628
17649
17649
17661
17671
17690
17696
17701
17701
17702
17712
17728
17764
17778
17793
17800
17801
17802
17807
17834
17842
17854
17855
17858
17861
17877
17881
17896
17898
17906
17912
17919
17933
17953
17957
17967
17981
17982
17983
17987
17994
17995
17998
18003
18010
18014
18018
18028
18030
18041
18049
18078
18098
18102
18106
18120
18141
18163
18169
18172
18172
18174
18177
18179
18182
18213
18226
18234
18236
18254
18266
18272
18274
18276
18278
18278
18282
18305
18314
18331
18336
18349
18365
18384
18401
18412
18419
18424
18434
18442
18443
18478
18499
18524
18526
18577
18580
18587
18590
18612
18616
18622
18643
18644
18645
18645
18646
18652
18654
18664
18671
18680
18681
18701
18703
18709
18719
18767
18768
18782
18784
18801
18803
18821
18827
18839
18854
18867
18875
18875
18883
18888
18889
18898
18912
18913
18933
18962
18976
18988
18995
19025
19062
19069
19070
19073
19087
19090
19119
19123
19131
19138
19145
19145
19184
19193
19200
19232
19237
19244
19245
19265
19267
19271
19282
19320
19324
19330
19342
19357
19358
19377
19377
19392
19397
19402
19419
19429
19440
19444
19444
19445
19464
19482
19488
19494
19496
19499
19500
19528
19544
19549
19562
19568
19589
19591
19605
19606
19622
19624
19631
19635
19656
19668
19705
19712
19714
19718
19720
19722
19723
19736
19737
19750
19756
19769
19772
19778
19790
19796
19797
19850
19865
19881
19889
19899
19914
19917
19928
19960
19963
19976
19978
20001
20012
20018
20021
20029
20033
20045
20092
20107
20123
20129
20135
20139
20145
20155
20159
20160
20161
20170
20171
20219
20243
20244
20245
20255
20277
20282
20292
20297
20300
20309
20326
20339
20366
20381
20386
20420
20427
20433
20434
20436
20438
20448
20449
20464
20470
20498
20502
20506
20513
20525
20537
20547
20552
20554
20565
20577
20604
20636
20637
20639
20643
20658
20660
20662
20688
20702
20708
20740
20763
20769
20770
20781
20796
20797
20797
20798
20800
20807
20822
20825
20852
20854
20855
20857
20864
20865
20879
20882
20884
20894
20896
20901
20912
20919
20923
20927
20938
20956
20984
20986
20995
21019
21024
21033
21048
21052
21063
21090
21096
21107
21110
21115
21123
21146
21151
21160
21164
21164
21177
21183
21186
21197
21205
21221
21227
21231
21240
21246
21287
21292
21295
21311
21319
21319
21320
21323
21343
21344
21350
21384
21385
21387
21393
21406
21414
21415
21420
21428
21433
21475
21477
21481
21485
21495
21502
21517
21522
21523
21529
21534
21535
21584
21612
21616
21641
21649
21653
21655
21658
21659
21666
21674
21691
21696
21700
21707
21707
21709
21720
21721
21723
21744
21749
21760
21826
21832
21835
21840
21851
21866
21874
21883
21893
21908
21932
21937
21953
21962
21972
22022
22023
22033
22049
22069
22073
22073
22103
22103
22107
22114
22115
22126
22139
22143
22146
22159
22161
22162
22170
22183
22189
22197
22197
22202
22217
22225
22230
22253
22255
22268
22272
22272
22273
22275
22318
22326
22337
22340
22342
22344
22365
22385
22397
22400
22437
22457
22458
22464
22465
22473
22524
22525
22527
22534
22537
22547
22555
22558
22559
22562
22564
22582
22589
22592
22597
22603
22609
22646
22646
22652
22667
22681
22681
22694
22698
22698
22705
22715
22725
22734
22759
22770
22778
22799
22865
22869
22870
22871
22875
22894
22904
22926
22936
22937
22939
22944
22954
22955
22959
22965
22967
22988
23022
23023
23026
23026
23029
23045
23047
23057
23062
23101
23107
23141
23142
23157
23165
23193
23207
23216
23219
23224
23226
23247
23276
23280
23286
23288
23293
23295
23297
23300
23306
23309
23329
23333
23342
23345
23350
23357
23367
23367
23369
23379
23385
23395
23401
23413
23428
23433
23460
23461
23466
23486
23523
23523
23536
23544
23546
23560
23590
23606
23619
23627
23631
23632
23656
23659
23671
23682
23696
23704
23717
23748
23755
23791
23802
23804
23805
23814
23819
23820
23827
23831
23838
23858
23891
23899
23902
23923
23932
23953
23954
23971
23977
23987
23995
24025
24029
24030
24034
24034
24037
24053
24054
24095
24098
24100
24101
24103
24103
24106
24111
24114
24122
24124
24133
24150
24181
24188
24197
24215
24242
24264
24267
24269
24273
24274
24300
24301
24317
24328
24342
24345
24367
24369
24370
24372
24383
24390
24404
24415
24428
24445
24494
24504
24509
24524
24533
24545
24558
24558
24570
24573
24584
24591
24601
24631
24632
24641
24650
24657
24668
24672
24695
24702
24710
24751
24763
24773
24795
24804
24819
24820
24842
24855
24856
24859
24860
24862
24879
24889
24893
24910
24915
24928
24940
24955
24963
24966
24974
24975
24990
24998
25000
25009
25021
25028
25054
25067
25073
25079
25094
25108
25129
25147
25148
25157
25185
25192
25196
25216
25225
25229
25238
25238
25248
25258
25266
25268
25268
25280
25306
25313
25313
25319
25321
25322
25333
25334
25346
25355
25392
25394
25396
25401
25402
25408
25410
25413
25413
25413
25415
25435
25437
25446
25481
25485
25496
25504
25509
25531
25545
25548
25563
25584
25593
25597
25598
25606
25612
25619
25626
25652
25671
25672
25672
25674
25678
25696
25699
25707
25709
25713
25734
25750
25766
25766
25766
25771
25774
25784
25787
25794
25799
25815
25823
25831
25835
25836
25837
25847
25858
25874
25884
25885
25892
25899
25944
25946
25949
25982
26014
26016
26032
26035
26044
26070
26078
26079
26095
26096
26104
26109
26114
26116
26133
26162
26171
26181
26208
26215
26219
26226
26236
26245
26253
26266
26291
26313
26313
26317
26318
26321
26325
26334
26334
26343
26353
26374
26393
26402
26408
26427
26432
26436
26439
26449
26456
26468
26503
26517
26539
26542
26543
26556
26560
26567
26592
26594
26625
26648
26655
26705
26706
26724
26729
26733
26751
26752
26764
26779
26779
26785
26808
26847
26850
26853
26865
26879
26885
26899
26928
26931
26947
26959
26972
26976
26993
27037
27037
27047
27074
27074
27074
27080
27080
27090
27096
27099
27114
27117
27123
27125
27126
27173
27187
27188
27197
27202
27242
27242
27246
27266
27286
27302
27313
27318
27326
27330
27334
27343
27352
27357
27367
27381
27389
27416
27418
27420
27427
27433
27434
27436
27445
27476
27489
27490
27493
27494
27498
27508
27512
27514
27516
27524
27530
27531
27531
27537
27557
27566
27575
27577
27590
27596
27601
27604
27615
27650
27650
27652
27657
27659
27660
27663
27674
27676
27676
27693
27698
27707
27709
27711
27749
27777
27777
27796
27806
27810
27830
27835
27859
27863
27867
27870
27883
27884
27888
27905
27905
27913
27930
27930
27948
27954
27956
27959
28007
28007
28009
28013
28013
28017
28018
28024
28025
28036
28041
28042
28046
28062
28075
28078
28093
28095
28119
28133
28138
28147
28154
28163
28181
28182
28196
28202
28212
28212
28221
28230
28276
28277
28289
28290
28296
28304
28319
28336
28344
28361
28369
28387
28393
28415
28434
28448
28454
28462
28481
28487
28488
28502
28515
28520
28530
28531
28535
28536
28539
28542
28544
28555
28567
28571
28581
28594
28601
28631
28636
28659
28665
28683
28695
28702
28710
28714
28742
28743
28758
28766
28785
28821
28834
28887
28893
28916
28936
28968
29011
29017
29018
29027
29042
29045
29050
29055
29056
29063
29069
29074
29145
29154
29161
29169
29169
29184
29185
29188
29198
29212
29220
29272
29283
29306
29311
29322
29338
29342
29360
29368
29381
29396
29403
29433
29439
29447
29449
29451
29459
29486
29498
29510
29524
29526
29528
29536
29557
29558
29560
29560
29617
29628
29651
29655
29657
29658
29661
29669
29692
29692
29694
29697
29697
29706
29751
29761
29762
29765
29771
29777
29782
29789
29831
29842
29847
29855
29878
29885
29894
29895
29899
29900
29901
29908
29918
29921
29922
29933
29944
29950
29959
29969
29977
30015
30038
30049
30052
30064
30100
30107
30113
30114
30127
30146
30156
30158
30159
30163
30163
30177
30182
30186
30192
30195
30198
30208
30211
30223
30226
30237
30237
30238
30239
30273
30293
30334
30352
30377
30384
30389
30419
30431
30441
30456
30456
30459
30470
30471
30486
30492
30493
30500
30509
30514
30530
30545
30547
30583
30611
30616
30620
30623
30684
30698
30707
30712
30793
30794
30803
30813
30820
30826
30830
30881
30883
30892
30922
30922
30938
30962
30969
30980
30983
30995
30999
31001
31019
31020
31030
31043
31049
31084
31084
31086
31089
31091
31098
31101
31114
31114
31118
31134
31153
31154
31158
31160
31177
31183
31183
31200
31204
31218
31232
31242
31245
31254
31258
31265
31266
31293
31293
31300
31303
31306
31316
31318
31329
31334
31336
31358
31367
31369
31402
31408
31418
31425
31437
31450
31470
31471
31474
31486
31502
31517
31519
31521
31522
31529
31538
31545
31550
31570
31598
31627
31628
31636
31664
31673
31682
31692
31737
31741
31748
31751
31781
31785
31789
31790
31790
31798
31800
31846
31855
31857
31859
31860
31861
31863
31889
31894
31898
31900
31906
31913
31923
31940
31954
31958
31958
31965
31965
31986
31987
32016
32018
32052
32055
32062
32066
32071
32090
32092
32102
32106
32133
32133
32147
32158
32163
32171
32194
32214
32227
32238
32248
32253
32256
32257
32258
32261
32291
32294
32298
32331
32335
32339
32345
32351
32352
32355
32362
32374
32379
32394
32396
32401
32407
32409
32412
32413
32417
32424
32447
32447
32464
32468
32491
32515
32519
32527
32528
32545
32546
32552
32553
32592
32596
32624
32642
32644
32683
32686
32691
32693
32694
32695
32704
32738
32773
32773
32776
32794
32798
32814
32822
32826
32834
32848
32857
32863
32868
32879
32890
32892
32893
32900
32913
32923
32926
32935
32937
32951
32953
32963
32973
32977
32979
32996
33024
33031
33037
33041
33046
33051
33059
33060
33068
33088
33089
33090
33104
33112
33148
33159
33161
33172
33174
33178
33181
33196
33197
33208
33236
33243
33248
33258
33261
33263
33281
33291
33298
33300
33301
33303
33309
33313
33362
33375
33375
33383
33387
33404
33410
33424
33439
33443
33444
33458
33467
33470
33474
33474
33483
33502
33504
33551
33554
33564
33564
33574
33577
33591
33594
33618
33623
33640
33641
33646
33659
33686
33698
33713
33727
33739
33750
33756
33783
33790
33793
33794
33795
33829
33832
33840
33872
33890
33890
33891
33898
33898
33911
33916
33918
33939
33956
33985
33987
33989
33992
34001
34005
34010
34062
34062
34075
34075
34076
34079
34089
34091
34093
34110
34144
34152
34153
34153
34154
34160
34166
34170
34198
34213
34245
34259
34279
34284
34286
34294
34303
34324
34341
34348
34366
34380
34398
34407
34420
34426
34428
34429
34436
34466
34486
34495
34524
34527
34533
34541
34573
34578
34582
34608
34613
34613
34615
34627
34653
34676
34685
34687
34712
34733
34743
34750
34755
34761
34769
34771
34784
34796
34799
34809
34816
34827
34833
34841
34842
34845
34845
34847
34853
34859
34869
34878
34880
34914
34920
34925
34954
34963
34966
34971
34976
35011
35014
35030
35031
35050
35055
35056
35070
35086
35086
35091
35093
35094
35111
35130
35148
35155
35167
35184
35186
35211
35221
35229
35237
35245
35254
35258
35286
35289
35292
35293
35294
35300
35310
35317
35319
35340
35347
35356
35361
35367
35385
35385
35394
35408
35410
35414
35420
35421
35422
35425
35427
35437
35437
35449
35452
35475
35493
35496
35500
35505
35513
35518
35531
35535
35537
35547
35592
35598
35603
35648
35664
35679
35681
35695
35696
35728
35729
35745
35769
35770
35778
35782
35791
35792
35793
35802
35830
35836
35851
35864
35868
35872
35881
35885
35904
35913
35914
35931
35936
35940
35959
35959
35975
36024
36051
36057
36068
36074
36077
36088
36090
36095
36124
36125
36128
36131
36150
36164
36180
36186
36194
36196
36201
36205
36218
36222
36243
36261
36271
36280
36283
36288
36291
36309
36310
36319
36322
36337
36337
36341
36346
36347
36347
36358
36374
36375
36377
36378
36384
36392
36395
36454
36460
36464
36478
36500
36503
36511
36527
36546
36577
36579
36587
36590
36602
36604
36607
36636
36640
36646
36647
36654
36656
36656
36679
36682
36687
36718
36722
36743
36750
36754
36758
36766
36771
36777
36809
36811
36817
36832
36840
36840
36846
36869
36881
36891
36891
36899
36916
36949
36955
36955
36957
36973
36974
36982
36984
36992
37007
37011
37012
37015
37062
37076
37082
37087
37112
37117
37125
37126
37132
37134
37141
37142
37142
37142
37143
37156
37164
37164
37168
37202
37202
37204
37206
37214
37223
37235
37263
37290
37305
37308
37310
37324
37327
37338
37341
37353
37353
37358
37363
37386
37396
37410
37416
37430
37434
37438
37470
37474
37476
37481
37496
37507
37514
37514
37523
37545
37608
37620
37626
37629
37658
37666
37688
37706
37729
37744
37748
37760
37762
37764
37766
37773
37776
37780
37789
37793
37800
37825
37862
37863
37871
37883
37890
37914
37923
37924
37933
37938
37950
37954
37969
37977
37980
37986
38011
38022
38035
38041
38055
38058
38080
38089
38097
38110
38111
38114
38125
38133
38145
38147
38151
38156
38172
38175
38178
38207
38218
38242
38244
38259
38262
38263
38272
38279
38280
38312
38319
38336
38353
38358
38368
38377
38390
38396
38404
38406
38415
38437
38440
38440
38444
38465
38473
38477
38502
38504
38530
38531
38545
38547
38547
38548
38555
38562
38564
38570
38580
38602
38605
38606
38612
38617
38618
38622
38649
38657
38666
38669
38671
38688
38714
38715
38728
38729
38754
38759
38763
38791
38800
38802
38811
38830
38835
38836
38838
38839
38867
38893
38900
38917
38918
38932
38950
38970
38972
38984
38990
38994
38997
39003
39022
39048
39066
39072
39095
39130
39138
39147
39163
39169
39217
39231
39232
39240
39250
39251
39252
39264
39280
39296
39300
39318
39335
39339
39350
39351
39357
39362
39368
39391
39391
39392
39392
39392
39397
39409
39416
39417
39446
39449
39454
39454
39467
39475
39475
39488
39526
39529
39556
39557
39577
39601
39606
39607
39608
39619
39648
39676
39686
39700
39704
39725
39728
39766
39779
39791
39799
39816
39833
39849
39867
39872
39875
39889
39897
39907
39916
39933
39937
39939
39956
39964
39989
39993
40034
40048
40062
40066
40070
40097
40102
40107
40109
40136
40143
40144
40144
40159
40162
40192
40193
40196
40196
40224
40232
40234
40247
40251
40260
40269
40274
40276
40281
40298
40302
40306
40309
40327
40333
40340
40347
40370
40373
40385
40406
40410
40429
40433
40443
40445
40464
40470
40479
40495
40495
40506
40515
40520
40523
40528
40533
40535
40546
40556
40556
40557
40591
40595
40604
40610
40633
40642
40649
40651
40656
40668
40680
40681
40685
40686
40691
40691
40696
40699
40708
40711
40715
40732
40737
40743
40745
40750
40758
40767
40776
40813
40815
40825
40826
40832
40838
40857
40857
40882
40882
40885
40912
40914
40923
40940
40949
40959
40963
40964
40969
40971
40976
40980
40986
40987
40989
41021
41033
41096
41097
41106
41109
41133
41135
41140
41146
41147
41155
41158
41165
41166
41178
41185
41192
41198
41209
41212
41215
41239
41256
41271
41283
41286
41290
41297
41304
41308
41312
41331
41334
41339
41343
41360
41360
41380
41386
41409
41420
41443
41459
41479
41484
41488
41491
41494
41496
41510
41519
41530
41530
41536
41546
41547
41588
41589
41632
41632
41644
41649
41664
41668
41704
41705
41711
41714
41715
41719
41735
41769
41780
41782
41787
41820
41821
41822
41829
41830
41837
41840
41842
41846
41850
41851
41858
41865
41871
41887
41889
41890
41891
41899
41901
41914
41919
41931
41951
41952
41955
41982
42005
42024
42030
42045
42049
42050
42056
42057
42063
42072
42074
42085
42108
42120
42139
42151
42162
42216
42219
42226
42234
42255
42260
42287
42295
42297
42315
42317
42319
42321
42327
42342
42347
42351
42353
42356
42367
42369
42370
42382
42399
42412
42438
42439
42451
42458
42464
42485
42497
42504
42505
42508
42523
42530
42555
42561
42563
42572
42579
42585
42592
42603
42611
42613
42614
42620
42636
42643
42648
42659
42662
42680
42690
42691
42693
42701
42701
42701
42702
42710
42715
42739
42749
42751
42752
42762
42765
42782
42784
42789
42803
42809
42831
42832
42838
42850
42863
42868
42870
42874
42906
42917
42927
42945
42949
42958
42962
42989
42996
43011
43012
43022
43033
43052
43054
43055
43072
43079
43084
43090
43097
43123
43128
43155
43171
43182
43197
43199
43202
43215
43219
43222
43229
43234
43241
43243
43243
43253
43270
43291
43348
43351
43360
43365
43368
43384
43421
43426
43433
43434
43444
43466
43473
43496
43499
43501
43508
43509
43515
43516
43519
43521
43523
43530
43538
43539
43593
43598
43612
43613
43613
43623
43632
43637
43649
43652
43673
43673
43685
43715
43718
43727
43733
43735
43746
43753
43756
43757
43761
43764
43770
43770
43773
43785
43791
43817
43818
43831
43837
43838
43845
43885
43898
43935
43942
43952
43963
43967
43973
43986
44009
44011
44012
44021
44023
44041
44051
44052
44054
44066
44069
44084
44089
44106
44119
44136
44160
44164
44183
44186
44196
44213
44217
44222
44230
44265
44266
44267
44276
44278
44300
44310
44316
44322
44362
44372
44415
44419
44433
44461
44461
44463
44467
44469
44470
44480
44481
44492
44501
44506
44534
44535
44536
44544
44546
44551
44555
44567
44567
44578
44586
44600
44602
44605
44617
44619
44625
44640
44663
44668
44678
44726
44728
44746
44753
44753
44764
44771
44773
44780
44799
44801
44811
44818
44827
44829
44832
44856
44865
44906
44925
44940
44941
44963
44979
44985
44989
44990
44995
45004
45018
45019
45020
45023
45036
45050
45054
45064
45069
45082
45083
45099
45100
45101
45101
45101
45128
45129
45144
45147
45170
45175
45192
45203
45220
45236
45238
45257
45266
45277
45280
45293
45300
45311
45320
45321
45323
45328
45339
45348
45349
45351
45359
45391
45401
45407
45445
45447
45451
45457
45463
45477
45477
45483
45487
45501
45506
45518
45527
45549
45550
45553
45571
45581
45583
45586
45594
45595
45606
45615
45625
45630
45653
45656
45663
45721
45725
45731
45740
45758
45764
45772
45781
45786
45806
45811
45818
45829
45861
45861
45863
45882
45887
45902
45910
45929
45939
45940
45959
45963
45964
45987
46005
46012
46017
46034
46042
46045
46074
46075
46087
46096
46111
46112
46122
46129
46155
46158
46165
46171
46174
46175
46176
46176
46218
46238
46259
46263
46278
46293
46303
46316
46351
46354
46370
46385
46387
46399
46448
46457
46472
46479
46479
46483
46494
46513
46513
46520
46542
46543
46547
46547
46549
46579
46581
46603
46608
46630
46654
46654
46654
46655
46667
46669
46670
46675
46676
46680
46689
46698
46721
46739
46747
46759
46765
46765
46766
46791
46803
46806
46818
46820
46836
46860
46862
46867
46881
46901
46903
46907
46919
46920
46921
46927
46943
46943
46947
46948
46961
46980
46982
46983
46985
46989
47026
47053
47061
47062
47065
47089
47094
47102
47103
47107
47108
47126
47127
47160
47161
47178
47178
47195
47198
47199
47218
47223
47236
47242
47245
47256
47256
47274
47285
47302
47313
47317
47330
47333
47334
47339
47341
47341
47355
47358
47361
47365
47374
47409
47418
47423
47447
47475
47491
47497
47498
47505
47515
47521
47521
47531
47562
47565
47569
47571
47589
47605
47618
47629
47635
47640
47642
47664
47665
47681
47684
47690
47698
47699
47711
47722
47737
47740
47748
47756
47759
47770
47801
47820
47827
47833
47833
47842
47854
47864
47867
47871
47876
47881
47888
47896
47897
47903
47911
47913
47932
47935
47940
47944
47947
47948
47964
47971
47979
48018
48022
48027
48042
48043
48060
48081
48087
48093
48098
48119
48121
48132
48148
48161
48164
48180
48192
48196
48206
48216
48223
48236
48246
48259
48261
48278
48286
48289
48324
48324
48325
48337
48338
48349
48353
48354
48363
48374
48389
48392
48399
48402
48417
48429
48436
48447
48447
48457
48476
48479
48498
48513
48536
48560
48566
48575
48585
48588
48596
48604
48605
48608
48612
48625
48641
48642
48647
48652
48689
48694
48704
48711
48722
48728
48730
48732
48738
48743
48748
48761
48764
48766
48767
48771
48771
48775
48782
48789
48792
48805
48806
48831
48834
48839
48846
48866
48881
48899
48903
48909
48921
48926
48934
48946
48963
48974
48981
48987
48990
48999
49010
49011
49015
49019
49025
49040
49040
49054
49054
49059
49062
49065
49065
49067
49069
49071
49080
49087
49092
49094
49116
49118
49119
49130
49135
49141
49172
49179
49191
49206
49248
49257
49259
49267
49275
49282
49298
49302
49308
49310
49318
49322
49339
49358
49360
49373
49386
49393
49413
49446
49452
49456
49465
49469
49471
49475
49509
49513
49520
49522
49533
49542
49548
49565
49566
49606
49611
49630
49647
49659
49699
49701
49703
49716
49716
49735
49770
49784
49794
49798
49806
49815
49850
49853
49854
49862
49866
49867
49867
49874
49879
49880
49922
49927
49936
49953
49955
49959
49959
49960
49971
49986
50003
50034
50042
50047
50048
50056
50084
50086
50091
50093
50109
50116
50121
50130
50132
50133
50136
50139
50159
50175
50175
50177
50179
50196
50201
50205
50206
50209
50231
50234
50256
50262
50265
50270
50289
50298
50301
50309
50329
50335
50335
50349
50358
50359
50364
50396
50404
50410
50411
50420
50424
50429
50435
50445
50445
50452
50455
50461
50470
50474
50474
50499
50507
50531
50536
50539
50550
50556
50557
50578
50585
50592
50595
50608
50613
50615
50616
50624
50631
50639
50640
50643
50644
50675
50683
50686
50700
50705
50717
50728
50736
50741
50745
50750
50753
50757
50792
50797
50815
50852
50874
50883
50894
50902
50912
50912
50915
50934
50936
50952
50958
50962
50965
50966
50975
51004
51013
51051
51066
51066
51096
51133
51155
51193
51199
51200
51211
51213
51239
51240
51279
51304
51306
51328
51339
51349
51351
51353
51364
51366
51390
51390
51402
51404
51421
51429
51446
51449
51467
51473
51476
51488
51502
51507
51507
51522
51528
51543
51549
51551
51559
51571
51601
51605
51629
51646
51660
51684
51709
51710
51714
51720
51733
51737
51741
51758
51792
51792
51815
51821
51826
51855
51870
51873
51876
51880
51900
51920
51933
51965
51966
52003
52007
52012
52014
52060
52078
52094
52124
52126
52130
52152
52163
52169
52182
52186
52217
52262
52268
52287
52292
52297
52303
52318
52330
52335
52341
52350
52361
52369
52372
52399
52401
52402
52411
52434
52435
52443
52454
52456
52494
52497
52498
52498
52500
52505
52505
52517
52541
52593
52596
52613
52629
52634
52649
52650
52676
52679
52691
52691
52705
52753
52777
52787
52809
52814
52824
52848
52869
52880
52902
52902
52926
52951
52963
52974
53002
53003
53007
53013
53020
53027
53081
53083
53099
53104
53108
53108
53134
53136
53151
53171
53186
53196
53211
53250
53256
53268
53327
53364
53367
53386
53386
53396
53414
53421
53428
53430
53431
53433
53437
53438
53495
53495
53502
53502
53502
53510
53516
53525
53538
53568
53570
53583
53592
53596
53603
53612
53615
53625
53628
53633
53640
53641
53651
53656
53657
53664
53666
53668
53671
53704
53712
53715
53731
53735
53744
53744
53744
53759
53762
53769
53775
53777
53794
53810
53811
53816
53817
53817
53817
53821
53848
53852
53866
53883
53918
53921
53928
53932
53936
53942
53945
53971
53988
53990
53998
54011
54011
54018
54030
54032
54054
54060
54062
54066
54067
54074
54086
54088
54090
54103
54128
54140
54143
54145
54150
54151
54170
54170
54176
54177
54182
54188
54191
54194
54195
54196
54202
54208
54217
54239
54242
54263
54275
54287
54309
54311
54322
54339
54345
54349
54350
54357
54362
54367
54368
54371
54390
54391
54399
54410
54422
54448
54448
54465
54467
54469
54472
54478
54482
54482
54484
54488
54500
54514
54525
54526
54531
54554
54565
54568
54578
54587
54651
54676
54705
54748
54762
54765
54768
54786
54794
54798
54810
54828
54848
54856
54875
54875
54876
54883
54888
54904
54909
54918
54928
54946
54952
54958
54961
54994
54995
54996
55001
55004
55010
55018
55025
55029
55035
55036
55045
55054
55060
55061
55068
55074
55095
55112
55147
55164
55166
55184
55193
55202
55210
55210
55213
55213
55220
55230
55231
55238
55243
55250
55274
55278
55280
55287
55295
55301
55326
55332
55357
55383
55395
55399
55403
55414
55415
55416
55466
55468
55468
55469
55494
55497
55499
55506
55514
55520
55525
55529
55554
55559
55579
55584
55599
55609
55610
55615
55620
55636
55648
55650
55659
55659
55701
55710
55719
55723
55727
55733
55737
55746
55748
55750
55752
55757
55762
55779
55782
55785
55785
55796
55819
55824
55854
55857
55860
55862
55867
55873
55875
55890
55895
55927
55928
55933
55955
55963
55966
55968
55990
56012
56025
56037
56063
56079
56081
56083
56089
56094
56096
56101
56147
56163
56187
56194
56194
56203
56215
56216
56217
56220
56234
56245
56247
56248
56250
56257
56266
56266
56273
56305
56322
56327
56346
56353
56375
56382
56383
56397
56400
56406
56416
56421
56423
56423
56430
56450
56464
56487
56495
56496
56506
56511
56514
56515
56524
56532
56557
56557
56564
56573
56573
56583
56591
56607
56625
56626
56638
56643
56645
56656
56686
56687
56689
56690
56694
56711
56713
56720
56743
56767
56778
56789
56802
56809
56822
56827
56843
56845
56850
56851
56854
56856
56861
56880
56889
56902
56913
56918
56942
56942
56953
56954
56965
56969
56978
56998
57004
57019
57021
57026
57039
57041
57043
57052
57083
57086
57116
57119
57138
57144
57147
57169
57170
57171
57178
57189
57200
57208
57215
57220
57221
57239
57251
57279
57282
57308
57315
57319
57328
57330
57345
57362
57370
57393
57397
57409
57418
57419
57426
57433
57505
57507
57519
57523
57544
57560
57566
57568
57591
57603
57647
57660
57668
57694
57696
57746
57762
57773
57778
57783
57785
57813
57821
57824
57839
57847
57871
57881
57890
57897
57916
57919
57920
57926
57945
57955
57966
57979
57984
57991
57999
58016
58042
58050
58063
58073
58073
58081
58101
58126
58128
58143
58147
58158
58176
58236
58243
58249
58274
58278
58290
58307
58308
58313
58316
58356
58356
58361
58362
58402
58402
58406
58411
58413
58437
58445
58457
58482
58491
58512
58523
58545
58563
58568
58578
58601
58630
58654
58659
58670
58670
58674
58678
58679
58681
58700
58707
58722
58723
58741
58753
58756
58758
58758
58765
58766
58768
58771
58772
58774
58775
58775
58784
58788
58790
58795
58799
58811
58825
58845
58873
58890
58893
58901
58902
58906
58913
58919
58925
58939
58951
58952
58967
58969
58971
58976
58981
58982
58984
58997
59013
59027
59038
59049
59053
59054
59059
59070
59070
59077
59090
59095
59097
59108
59111
59120
59122
59135
59146
59156
59162
59163
59168
59181
59187
59190
59191
59202
59214
59217
59220
59229
59255
59292
59321
59322
59324
59350
59359
59369
59378
59396
59432
59434
59437
59468
59483
59483
59487
59493
59513
59583
59584
59587
59595
59607
59621
59626
59626
59629
59644
59655
59659
59687
59723
59744
59746
59755
59757
59763
59773
59777
59780
59794
59799
59800
59802
59807
59813
59817
59824
59843
59859
59867
59872
59877
59878
59884
59885
59899
59906
59911
59925
59962
59971
59981
60005
60019
60021
60024
60024
60054
60062
60069
60073
60091
60099
60111
60126
60129
60135
60157
60173
60186
60207
60211
60216
60217
60225
60242
60261
60275
60284
60289
60301
60303
60312
60336
60354
60357
60359
60367
60378
60382
60394
60410
60411
60426
60427
60437
60441
60443
60470
60473
60483
60518
60541
60544
60554
60559
60562
60564
60585
60588
60593
60596
60603
60605
60615
60623
60640
60658
60658
60669
60681
60693
60699
60813
60817
60842
60844
60848
60851
60856
60870
60881
60891
60901
60906
60913
60918
60922
60926
60930
60932
60950
60963
60963
60978
60994
60995
60997
61009
61017
61039
61048
61074
61076
61083
61084
61098
61099
61108
61108
61112
61126
61130
61143
61147
61189
61194
61221
61227
61233
61233
61265
61303
61304
61308
61314
61320
61321
61321
61335
61340
61342
61348
61360
61365
61368
61369
61388
61398
61414
61423
61434
61467
61481
61485
61498
61512
61519
61522
61526
61532
61548
61556
61557
61564
61587
61591
61602
61607
61611
61641
61669
61709
61721
61731
61758
61766
61774
61780
61785
61786
61805
61822
61822
61844
61850
61875
61878
61885
61902
61909
61913
61926
61928
61932
61933
61945
61958
61967
61974
61976
61978
61994
62008
62014
62016
62018
62025
62027
62029
62062
62066
62075
62077
62079
62098
62103
62132
62134
62174
62182
62184
62187
62195
62210
62212
62219
62235
62242
62244
62252
62277
62284
62299
62300
62307
62308
62335
62351
62360
62364
62364
62371
62372
62382
62389
62403
62403
62417
62432
62449
62453
62463
62471
62476
62492
62497
62498
62503
62524
62528
62534
62563
62569
62570
62573
62580
62582
62584
62600
62602
62636
62642
62660
62677
62699
62701
62704
62725
62729
62735
62755
62757
62768
62770
62790
62814
62819
62822
62881
62886
62900
62903
62913
62939
62947
62961
62964
62965
62966
62968
62977
62981
62994
62996
63018
63050
63055
63067
63067
63070
63072
63094
63099
63107
63116
63125
63134
63145
63147
63169
63172
63179
63195
63206
63212
63212
63219
63227
63227
63240
63251
63252
63261
63284
63300
63323
63330
63340
63360
63368
63390
63406
63417
63419
63422
63427
63437
63459
63463
63473
63480
63482
63484
63491
63507
63512
63512
63561
63561
63567
63585
63589
63591
63614
63631
63634
63635
63647
63656
63666
63677
63680
63687
63688
63695
63700
63708
63709
63711
63718
63723
63727
63732
63738
63743
63753
63794
63807
63828
63828
63838
63855
63876
63922
63933
63964
63967
63985
63996
64006
64009
64022
64042
64064
64072
64079
64082
64101
64129
64153
64163
64171
64174
64194
64200
64202
64207
64210
64218
64222
64231
64243
64248
64248
64250
64260
64268
64271
64272
64279
64281
64281
64294
64300
64306
64307
64311
64330
64339
64349
64366
64377
64386
64389
64396
64410
64410
64415
64415
64415
64423
64436
64438
64452
64455
64456
64461
64468
64498
64501
64508
64515
64523
64543
64550
64551
64551
64553
64555
64568
64588
64593
64597
64627
64629
64632
64642
64647
64652
64655
64659
64673
64675
64685
64714
64717
64721
64725
64731
64737
64765
64771
64774
64781
64788
64789
64794
64798
64828
64863
64866
64875
64882
64886
64893
64900
64903
64912
64942
64969
64976
64984
64990
64991
65058
65068
65069
65091
65102
65110
65113
65116
65124
65134
65134
65168
65169
65191
65219
65220
65223
65228
65228
65229
65229
65246
65249
65279
65293
65294
65299
65301
65310
65315
65318
65324
65324
65372
65373
65375
65386
65388
65392
65392
65404
65417
65442
65456
65474
65479
65483
65486
65504
65506
65521
65526
65535
65545
65570
65582
65585
65607
65647
65649
65650
65651
65656
65665
65684
65693
65702
65707
65712
65723
65728
65730
65745
65746
65754
65772
65775
65775
65782
65784
65797
65803
65811
65811
65834
65846
65846
65852
65853
65863
65864
65876
65883
65888
65890
65899
65906
65934
65958
65977
65989
65991
66029
66055
66059
66075
66095
66099
66111
66117
66122
66129
66132
66136
66140
66164
66175
66176
66176
66178
66179
66180
66183
66186
66217
66219
66221
66222
66226
66227
66232
66234
66277
66279
66290
66301
66311
66315
66333
66336
66346
66351
66353
66354
66354
66356
66356
66374
66379
66387
66413
66438
66439
66449
66467
66477
66479
66482
66484
66500
66505
66555
66570
66578
66583
66599
66607
66609
66629
66630
66633
66649
66656
66662
66667
66674
66691
66701
66704
66728
66728
66750
66760
66765
66767
66783
66784
66788
66793
66800
66838
66839
66846
66851
66854
66855
66859
66879
66879
66881
66914
66923
66935
66957
66959
66978
66979
66988
66993
67017
67025
67027
67028
67029
67031
67052
67111
67112
67122
67148
67152
67160
67171
67173
67191
67191
67197
67198
67202
67218
67224
67262
67265
67272
67273
67278
67328
67347
67363
67370
67377
67389
67391
67394
67399
67402
67426
67427
67434
67439
67444
67451
67463
67476
67485
67493
67498
67511
67520
67531
67534
67540
67548
67548
67553
67563
67594
67604
67626
67643
67653
67671
67675
67682
67684
67697
67699
67717
67720
67724
67730
67752
67764
67765
67768
67788
67788
67792
67795
67805
67811
67816
67817
67818
67841
67857
67859
67901
67906
67935
67950
67955
67965
67966
67970
67978
67988
67999
68002
68009
68014
68021
68036
68059
68065
68082
68082
68082
68085
68091
68092
68123
68130
68134
68139
68144
68158
68161
68183
68184
68190
68196
68202
68203
68223
68227
68235
68246
68267
68270
68274
68296
68299
68334
68357
68366
68369
68385
68405
68407
68424
68425
68433
68452
68457
68459
68469
68470
68478
68485
68507
68511
68521
68522
68526
68542
68546
68564
68582
68589
68596
68604
68616
68624
68633
68640
68641
68643
68665
68671
68674
68677
68681
68689
68709
68718
68725
68729
68739
68744
68749
68752
68766
68780
68782
68805
68810
68822
68830
68841
68856
68866
68869
68873
68881
68894
68912
68914
68916
68943
68950
68959
68972
68980
68982
68985
68991
69006
69011
69023
69032
69052
69074
69087
69091
69099
69104
69110
69115
69116
69145
69151
69152
69155
69155
69162
69163
69173
69175
69193
69198
69205
69211
69224
69231
69238
69256
69264
69265
69287
69293
69308
69309
69326
69361
69372
69375
69385
69394
69405
69415
69429
69436
69442
69448
69449
69450
69461
69467
69478
69490
69521
69526
69539
69568
69575
69582
69583
69585
69591
69594
69598
69599
69611
69621
69622
69629
69629
69630
69636
69642
69644
69647
69670
69679
69682
69685
69695
69698
69715
69720
69727
69733
69735
69759
69777
69782
69799
69806
69812
69818
69822
69843
69843
69867
69887
69890
69895
69898
69927
69927
69948
69961
69963
69965
69967
69970
69977
70002
70006
70022
70026
70043
70053
70066
70069
70080
70080
70086
70086
70096
70098
70100
70112
70115
70122
70135
70141
70169
70191
70194
70197
70214
70227
70237
70248
70254
70278
70306
70309
70313
70329
70336
70354
70396
70407
70408
70416
70464
70468
70478
70499
70500
70504
70518
70523
70530
70532
70544
70554
70567
70569
70586
70588
70612
70634
70677
70685
70686
70688
70688
70715
70736
70739
70744
70747
70787
70790
70791
70791
70793
70815
70819
70827
70830
70856
70864
70864
70869
70875
70884
70887
70920
70939
70950
70960
70961
70964
70965
70969
70973
70978
70998
71002
71003
71005
71013
71029
71032
71049
71052
71082
71088
71098
71100
71104
71108
71117
71121
71129
71137
71142
71143
71143
71147
71150
71155
71166
71170
71186
71202
71212
71218
71221
71247
71270
71272
71272
71294
71299
71304
71308
71338
71339
71342
71347
71357
71362
71368
71376
71385
71391
71397
71404
71413
71413
71425
71436
71444
71447
71453
71479
71491
71519
71546
71546
71562
71570
71579
71597
71606
71612
71624
71635
71643
71646
71655
71661
71661
71663
71667
71669
71679
71684
71733
71738
71765
71766
71770
71776
71792
71793
71794
71797
71804
71813
71819
71830
71852
71855
71865
71867
71868
71878
71880
71902
71903
71903
71903
71951
71953
71985
71987
72004
72005
72027
72048
72052
72057
72079
72079
72095
72096
72098
72104
72127
72135
72140
72156
72158
72159
72164
72194
72204
72209
72214
72215
72228
72230
72231
72239
72253
72287
72291
72328
72337
72342
72369
72377
72385
72397
72398
72401
72408
72422
72426
72426
72434
72442
72442
72451
72458
72458
72479
72491
72497
72500
72504
72515
72524
72526
72566
72576
72578
72579
72581
72593
72605
72611
72616
72641
72645
72648
72650
72661
72663
72664
72673
72676
72694
72702
72725
72760
72766
72767
72778
72779
72784
72791
72793
72796
72801
72802
72830
72830
72833
72842
72858
72889
72893
72895
72905
72916
72927
72932
72950
72972
72976
72978
72992
72996
73004
73015
73043
73056
73071
73106
73126
73129
73130
73142
73153
73172
73180
73181
73194
73198
73204
73251
73273
73281
73281
73311
73315
73323
73327
73344
73356
73366
73379
73388
73400
73407
73422
73440
73444
73451
73455
73482
73487
73488
73496
73515
73580
73583
73591
73594
73596
73635
73635
73640
73687
73700
73714
73716
73720
73721
73753
73772
73779
73784
73791
73796
73829
73830
73835
73864
73865
73870
73882
73883
73890
73912
73917
73918
73948
73959
73990
74033
74048
74076
74084
74094
74110
74122
74132
74152
74187
74190
74206
74206
74215
74216
74220
74225
74231
74250
74251
74255
74256
74256
74256
74263
74269
74272
74277
74279
74281
74289
74291
74303
74303
74313
74314
74317
74324
74332
74336
74345
74375
74386
74392
74396
74399
74406
74408
74415
74419
74421
74431
74442
74453
74464
74466
74476
74479
74485
74490
74499
74499
74499
74504
74505
74506
74511
74517
74518
74525
74532
74537
74548
74558
74564
74565
74575
74581
74587
74590
74591
74593
74598
74606
74630
74654
74659
74683
74716
74730
74740
74754
74761
74794
74810
74824
74827
74830
74833
74835
74863
74879
74900
74942
74942
74961
74975
74976
74981
74996
74999
75000
75006
75006
75009
75017
75021
75046
75051
75058
75063
75073
75073
75082
75084
75094
75096
75098
75100
75104
75126
75137
75154
75164
75166
75166
75195
75216
75236
75250
75251
75259
75283
75283
75294
75297
75304
75306
75313
75318
75334
75352
75354
75372
75386
75397
75399
75399
75402
75409
75419
75440
75451
75452
75461
75462
75483
75484
75498
75502
75506
75506
75532
75538
75544
75544
75584
75601
75611
75622
75624
75627
75628
75645
75647
75656
75656
75698
75699
75709
75712
75716
75728
75731
75740
75747
75753
75758
75770
75786
75788
75793
75821
75825
75831
75838
75842
75846
75852
75863
75863
75874
75891
75913
75937
75946
75971
75971
75972
75982
75985
76000
76005
76029
76038
76041
76045
76048
76049
76052
76064
76066
76071
76085
76105
76112
76136
76147
76157
76165
76208
76214
76222
76236
76271
76280
76288
76305
76307
76310
76310
76317
76322
76327
76337
76339
76346
76355
76356
76357
76362
76374
76379
76384
76399
76401
76422
76422
76437
76441
76441
76441
76441
76445
76445
76451
76453
76470
76475
76478
76497
76505
76508
76522
76528
76531
76534
76544
76544
76557
76557
76569
76590
76598
76619
76650
76655
76663
76668
76674
76683
76690
76704
76706
76707
76707
76710
76719
76720
76726
76731
76736
76759
76761
76767
76773
76778
76785
76788
76804
76835
76847
76848
76851
76853
76905
76915
76924
76926
76935
76943
76982
76987
77003
77011
77014
77020
77022
77025
77085
77088
77094
77120
77132
77134
77135
77137
77138
77150
77154
77172
77185
77211
77225
77233
77238
77240
77244
77250
77263
77266
77304
77312
77325
77332
77335
77346
77347
77348
77353
77360
77360
77394
77395
77418
77422
77424
77425
77442
77457
77470
77477
77484
77487
77492
77496
77518
77534
77544
77557
77560
77564
77568
77580
77596
77600
77606
77606
77626
77628
77639
77643
77652
77659
77674
77677
77694
77696
77722
77737
77754
77765
77790
77797
77816
77832
77838
77841
77848
77862
77884
77891
77900
77905
77908
77912
77925
77951
77968
77984
77987
78007
78028
78038
78048
78066
78066
78067
78087
78089
78089
78107
78108
78127
78144
78147
78162
78184
78186
78191
78193
78193
78205
78207
78212
78214
78221
78228
78253
78262
78274
78310
78316
78317
78326
78330
78341
78353
78362
78381
78385
78391
78395
78401
78420
78432
78448
78455
78464
78472
78473
78487
78491
78497
78497
78498
78511
78513
78517
78541
78544
78547
78553
78561
78585
78585
78590
78596
78599
78602
78628
78638
78638
78654
78661
78664
78670
78673
78674
78687
78692
78706
78729
78733
78736
78740
78742
78752
78764
78773
78773
78800
78802
78810
78817
78820
78824
78828
78844
78845
78856
78904
78940
78941
78942
78988
78996
78998
79002
79006
79008
79020
79052
79057
79059
79063
79063
79094
79122
79128
79139
79139
79140
79149
79152
79166
79193
79196
79197
79199
79205
79210
79212
79220
79246
79258
79273
79289
79301
79307
79353
79358
79361
79385
79393
79394
79401
79434
79442
79452
79485
79496
79498
79535
79542
79563
79564
79581
79602
79604
79605
79634
79642
79653
79666
79667
79694
79729
79732
79747
79753
79763
79809
79811
79817
79820
79845
79859
79863
79873
79894
79912
79916
79929
79931
79933
79944
79949
79953
79962
79992
80006
80016
80058
80063
80064
80082
80087
80088
80094
80108
80108
80132
80144
80157
80168
80179
80184
80203
80210
80234
80234
80239
80243
80314
80316
80321
80331
80342
80343
80352
80368
80380
80380
80409
80425
80429
80432
80458
80470
80472
80494
80532
80556
80585
80597
80601
80623
80653
80662
80678
80679
80687
80690
80696
80704
80705
80719
80750
80757
80801
80810
80826
80831
80876
80877
80883
80893
80897
80904
80909
80911
80916
80917
80919
80925
80933
80939
80939
80943
80959
80965
80968
80977
80982
81011
81016
81028
81048
81068
81076
81083
81090
81092
81095
81106
81125
81126
81132
81140
81162
81182
81216
81225
81228
81247
81263
81276
81279
81298
81300
81309
81309
81311
81325
81328
81338
81355
81396
81402
81422
81428
81428
81437
81474
81487
81495
81521
81521
81543
81547
81550
81550
81550
81559
81588
81591
81599
81619
81631
81632
81644
81647
81648
81653
81675
81685
81692
81694
81705
81723
81726
81738
81741
81741
81764
81765
81769
81792
81794
81806
81825
81872
81925
81929
81937
81951
81968
81972
81979
81986
81993
82009
82039
82040
82048
82057
82071
82101
82105
82107
82111
82130
82138
82143
82145
82152
82166
82173
82174
82180
82194
82202
82220
82229
82235
82240
82245
82248
82253
82253
82272
82286
82288
82290
82294
82297
82341
82366
82370
82378
82379
82402
82405
82420
82424
82428
82435
82457
82459
82464
82474
82482
82487
82488
82516
82528
82533
82536
82568
82579
82606
82615
82623
82626
82642
82642
82645
82654
82664
82665
82667
82692
82693
82697
82705
82715
82717
82729
82734
82735
82741
82744
82746
82750
82763
82781
82782
82784
82803
82813
82827
82830
82843
82845
82848
82850
82863
82864
82911
82925
82941
82971
82976
82982
82983
82989
83003
83006
83017
83053
83068
83080
83083
83085
83085
83088
83092
83109
83117
83118
83130
83140
83141
83141
83143
83143
83144
83152
83162
83194
83198
83206
83212
83216
83224
83233
83234
83257
83261
83282
83286
83303
83313
83315
83321
83322
83341
83348
83352
83363
83369
83372
83379
83381
83406
83430
83432
83435
83445
83446
83475
83487
83492
83502
83503
83531
83537
83552
83584
83586
83601
83606
83641
83641
83647
83656
83662
83663
83664
83665
83689
83691
83730
83734
83735
83748
83772
83777
83779
83793
83805
83843
83846
83848
83852
83866
83875
83884
83896
83906
83928
83957
83977
83988
83995
84016
84018
84027
84035
84039
84044
84055
84060
84101
84116
84128
84138
84161
84166
84189
84196
84196
84215
84229
84233
84244
84247
84250
84253
84259
84273
84299
84305
84351
84378
84398
84427
84444
84460
84476
84478
84481
84492
84510
84512
84523
84530
84533
84543
84544
84564
84572
84581
84584
84591
84610
84631
84636
84638
84646
84646
84654
84683
84688
84700
84707
84719
84725
84736
84736
84759
84761
84767
84778
84798
84798
84811
84814
84815
84821
84823
84823
84828
84847
84853
84856
84860
84868
84874
84881
84889
84893
84910
84918
84948
84976
84978
84980
84982
84982
84990
84991
84998
85018
85044
85044
85045
85055
85058
85060
85061
85071
85072
85074
85084
85104
85105
85113
85124
85140
85153
85163
85197
85204
85217
85245
85250
85250
85266
85275
85291
85300
85316
85318
85322
85328
85331
85340
85341
85344
85349
85373
85412
85413
85413
85430
85452
85456
85457
85468
85476
85488
85502
85511
85514
85517
85522
85530
85542
85547
85557
85558
85558
85562
85564
85566
85568
85574
85576
85587
85593
85599
85613
85628
85641
85667
85669
85675
85678
85685
85730
85740
85759
85768
85794
85797
85802
85808
85813
85814
85833
85845
85850
85852
85854
85863
85897
85914
85926
85939
85947
85950
85961
85965
85972
85974
85975
85984
85987
85991
86005
86005
86009
86012
86032
86033
86033
86044
86046
86058
86058
86060
86070
86106
86113
86113
86116
86132
86151
86154
86163
86175
86201
86218
86238
86262
86264
86306
86311
86319
86326
86329
86347
86365
86375
86380
86387
86393
86409
86421
86423
86425
86431
86449
86458
86462
86466
86479
86485
86486
86512
86548
86548
86548
86549
86550
86561
86569
86571
86582
86584
86597
86617
86642
86642
86649
86660
86690
86698
86747
86753
86756
86758
86795
86828
86838
86842
86858
86858
86866
86868
86869
86870
86888
86902
86904
86908
86909
86929
86946
86951
86951
86959
86959
86960
86964
86965
86976
86985
86996
87010
87015
87024
87039
87041
87042
87054
87079
87110
87112
87112
87113
87113
87114
87121
87153
87155
87174
87185
87186
87187
87187
87189
87193
87201
87203
87234
87239
87250
87256
87261
87267
87295
87325
87343
87344
87359
87371
87381
87391
87398
87399
87400
87401
87429
87433
87470
87475
87485
87487
87519
87536
87547
87556
87562
87567
87577
87590
87614
87618
87632
87636
87648
87661
87663
87667
87669
87695
87712
87712
87717
87717
87724
87726
87728
87731
87735
87736
87744
87749
87755
87771
87785
87787
87799
87811
87820
87839
87847
87852
87853
87879
87887
87891
87905
87909
87913
87915
87922
87937
87940
88004
88008
88041
88068
88105
88132
88137
88137
88147
88152
88155
88164
88186
88189
88190
88191
88196
88203
88209
88211
88239
88246
88265
88269
88281
88285
88292
88295
88296
88309
88317
88322
88345
88345
88350
88364
88376
88391
88415
88420
88421
88434
88435
88457
88479
88496
88500
88515
88523
88531
88595
88603
88616
88618
88629
88636
88641
88646
88657
88658
88668
88670
88680
88706
88717
88723
88750
88772
88775
88786
88814
88814
88827
88828
88850
88857
88870
88887
88897
88898
88903
88921
88929
88931
88938
88954
88954
88955
88962
88980
89004
89029
89035
89040
89044
89066
89066
89078
89092
89096
89098
89135
89140
89160
89170
89199
89200
89224
89228
89233
89240
89248
89248
89253
89267
89269
89279
89307
89314
89339
89372
89395
89436
89438
89439
89445
89472
89472
89476
89504
89504
89507
89512
89517
89531
89531
89536
89551
89565
89572
89572
89574
89582
89582
89588
89600
89600
89604
89605
89617
89640
89645
89650
89664
89670
89688
89694
89694
89702
89702
89738
89740
89767
89768
89771
89773
89777
89777
89782
89791
89802
89804
89810
89819
89823
89823
89831
89842
89852
89853
89859
89863
89891
89903
89907
89923
89928
89947
89967
89967
89982
89992
89994
90001
90012
90024
90029
90029
90035
90036
90046
90070
90104
90114
90120
90121
90152
90159
90165
90175
90175
90183
90207
90215
90224
90226
90238
90252
90256
90259
90261
90262
90275
90311
90313
90328
90335
90339
90341
90348
90360
90363
90368
90370
90397
90421
90426
90442
90444
90453
90453
90474
90476
90478
90484
90484
90503
90552
90560
90566
90577
90578
90579
90595
90603
90607
90619
90649
90652
90657
90665
90679
90692
90703
90707
90713
90722
90724
90738
90738
90748
90754
90761
90761
90784
90789
90801
90802
90805
90806
90807
90826
90828
90842
90844
90847
90864
90870
90890
90890
90891
90892
90895
90904
90908
90913
90916
90918
90921
90927
90930
90939
90944
90951
90952
90956
90969
90982
90983
91006
91010
91023
91031
91043
91074
91076
91078
91092
91106
91107
91110
91121
91127
91138
91139
91161
91168
91168
91178
91179
91189
91189
91194
91215
91246
91249
91250
91250
91253
91254
91273
91294
91296
91299
91314
91320
91323
91339
91341
91356
91362
91369
91370
91399
91425
91437
91476
91487
91557
91557
91565
91571
91576
91582
91594
91596
91605
91605
91608
91609
91609
91640
91666
91670
91691
91696
91698
91716
91732
91732
91780
91803
91804
91822
91859
91863
91870
91880
91904
91906
91911
91923
91927
91938
91947
91949
91953
91968
91973
91988
91998
92004
92033
92033
92052
92055
92096
92119
92142
92144
92145
92147
92154
92161
92173
92175
92184
92189
92198
92203
92217
92218
92222
92232
92244
92253
92256
92276
92277
92280
92285
92301
92317
92327
92344
92349
92365
92367
92372
92379
92388
92410
92411
92418
92449
92450
92452
92460
92471
92514
92517
92521
92534
92541
92543
92578
92580
92591
92605
92606
92610
92644
92658
92663
92673
92686
92686
92689
92696
92699
92702
92705
92736
92741
92749
92758
92773
92782
92784
92816
92838
92839
92853
92861
92871
92875
92888
92894
92908
92913
92929
92929
92929
92939
92967
92968
92970
92973
92975
92976
92979
92986
93002
93012
93019
93036
93042
93052
93082
93116
93122
93145
93147
93151
93169
93188
93189
93205
93209
93230
93256
93261
93261
93269
93270
93272
93280
93281
93282
93288
93290
93307
93311
93321
93328
93330
93340
93361
93375
93388
93395
93400
93413
93436
93450
93452
93468
93469
93477
93479
93483
93483
93486
93488
93491
93493
93497
93497
93502
93508
93519
93527
93535
93551
93567
93568
93569
93577
93612
93615
93622
93630
93635
93668
93677
93682
93699
93706
93708
93712
93722
93723
93728
93744
93771
93774
93777
93796
93807
93822
93822
93825
93825
93826
93839
93844
93854
93861
93873
93899
93907
93913
93920
93922
93923
93927
93929
93949
94008
94008
94014
94015
94034
94037
94039
94042
94055
94060
94076
94086
94086
94104
94142
94145
94145
94150
94162
94167
94184
94188
94212
94226
94227
94230
94245
94247
94249
94254
94271
94283
94294
94300
94301
94312
94336
94351
94369
94380
94397
94407
94417
94418
94418
94419
94424
94439
94452
94454
94458
94484
94495
94506
94508
94509
94512
94516
94529
94535
94535
94541
94543
94557
94560
94567
94572
94575
94584
94595
94607
94623
94632
94639
94644
94646
94655
94671
94672
94690
94710
94722
94725
94745
94745
94773
94781
94815
94824
94830
94832
94843
94844
94849
94874
94876
94880
94892
94916
94930
94939
94946
94956
94968
94986
94996
95004
95005
95008
95014
95042
95053
95057
95059
95061
95063
95078
95091
95106
95113
95123
95129
95143
95152
95163
95166
95193
95201
95224
95227
95241
95245
95250
95268
95283
95286
95286
95304
95318
95344
95348
95357
95362
95367
95367
95373
95377
95381
95398
95420
95424
95445
95458
95484
95489
95492
95512
95515
95517
95525
95532
95535
95541
95545
95547
95548
95562
95568
95585
95610
95611
95644
95646
95671
95672
95676
95683
95685
95689
95709
95711
95712
95727
95754
95759
95802
95808
95814
95824
95841
95880
95884
95884
95897
95912
95914
95927
95964
95974
95974
95987
96005
96025
96044
96049
96053
96053
96061
96078
96079
96081
96088
96104
96104
96105
96128
96133
96134
96141
96166
96167
96168
96169
96172
96182
96184
96186
96192
96195
96198
96204
96214
96219
96243
96248
96267
96284
96291
96293
96300
96301
96314
96315
96335
96366
96378
96397
96408
96430
96441
96468
96475
96507
96519
96520
96550
96551
96585
96593
96601
96610
96613
96619
96623
96639
96643
96674
96681
96686
96688
96704
96707
96719
96721
96737
96746
96747
96754
96786
96802
96817
96825
96832
96866
96891
96908
96913
96919
96921
96926
96937
96939
96975
96980
96983
96997
97001
97019
97023
97052
97078
97099
97108
97113
97136
97145
97151
97156
97172
97190
97227
97229
97242
97246
97248
97257
97265
97266
97273
97276
97277
97280
97300
97303
97310
97310
97310
97329
97341
97350
97354
97374
97379
97382
97425
97426
97428
97443
97466
97473
97485
97513
97554
97575
97580
97584
97585
97612
97618
97621
97623
97636
97643
97654
97658
97671
97679
97683
97697
97733
97750
97752
97756
97765
97772
97781
97791
97793
97794
97805
97830
97833
97848
97856
97866
97882
97899
97899
97904
97907
97917
97922
97955
97967
97980
97985
97990
97992
97998
98014
98025
98042
98084
98092
98103
98105
98116
98133
98136
98139
98139
98142
98162
98176
98177
98189
98211
98215
98219
98244
98249
98255
98263
98271
98275
98276
98305
98306
98308
98319
98322
98349
98358
98364
98365
98387
98404
98407
98408
98411
98415
98432
98432
98435
98437
98467
98489
98498
98498
98499
98501
98505
98513
98522
98530
98535
98550
98559
98578
98586
98587
98588
98598
98605
98612
98637
98668
98688
98689
98715
98716
98725
98733
98738
98784
98795
98797
98814
98818
98828
98838
98838
98855
98864
98865
98866
98870
98895
98915
98916
98941
98954
98970
98971
98980
98984
98986
98987
98987
98991
99000
99024
99054
99068
99091
99092
99094
99098
99102
99112
99123
99128
99162
99171
99207
99211
99215
99223
99234
99235
99246
99269
99274
99286
99291
99300
99307
99312
99325
99325
99335
99338
99365
99381
99397
99397
99399
99403
99412
99421
99423
99424
99438
99451
99457
99457
99459
99481
99509
99544
99553
99556
99557
99559
99568
99570
99588
99589
99595
99614
99623
99647
99652
99668
99681
99685
99702
99705
99711
99711
99721
99745
99747
99751
99755
99756
99765
99778
99781
99830
99849
99858
99858
99873
99897
99900
99903
99907
99926
99927
99933
99939
99968
99973
100000
